totalGamesPlayed;gamesWonInSeries;movesInSeries;correctMovesInSeries;cellsToUnCoverInSeries;
1000;0;2854;0;31111;2022-02-25T00:24:07.727;
2000;4;5963;0;21906;2022-02-25T00:24:43.413;
3000;36;8586;0;16361;2022-02-25T00:26:33.304;
4000;82;9784;0;14852;2022-02-25T00:28:38.268;
5000;147;11142;0;12484;2022-02-25T00:30:34.994;
6000;164;12041;0;11741;2022-02-25T00:33:08.835;
7000;201;12538;0;10695;2022-02-25T00:34:39.229;
8000;235;12822;0;10636;2022-02-25T00:37:20.966;
9000;269;13117;0;10295;2022-02-25T00:40:07.770;
10000;263;13495;0;9558;2022-02-25T00:42:07.765;
11000;308;13935;0;9008;2022-02-25T00:44:19.264;
12000;329;14398;0;7715;2022-02-25T00:46:04.976;
13000;337;14420;0;7746;2022-02-25T00:47:25.525;
14000;348;14964;0;7932;2022-02-25T00:48:49.181;
15000;381;15368;0;6554;2022-02-25T00:50:28.303;
16000;422;15207;0;6952;2022-02-25T00:52:10.831;
17000;437;15670;0;6263;2022-02-25T00:53:37.802;
18000;454;15638;0;6210;2022-02-25T00:56:55.210;
19000;453;16092;0;6216;2022-02-25T01:00:27.977;
20000;453;15507;0;6740;2022-02-25T01:03:54.308;
21000;480;15986;0;6479;2022-02-25T01:07:25.775;
22000;479;16039;0;5827;2022-02-25T01:10:57.782;
23000;502;16779;0;5305;2022-02-25T01:14:37.069;
24000;519;16404;0;5390;2022-02-25T01:18:16.197;
25000;531;15922;0;6210;2022-02-25T01:21:47.232;
26000;507;16093;0;5792;2022-02-25T01:25:20.611;
27000;553;16392;0;5291;2022-02-25T01:28:55.130;
28000;579;16573;0;5751;2022-02-25T01:32:38.211;
29000;579;16281;0;5194;2022-02-25T01:36:10.248;
30000;583;16700;0;5403;2022-02-25T01:39:53.095;
31000;553;16313;0;6182;2022-02-25T01:43:28.038;
32000;595;16849;0;5319;2022-02-25T01:47:08.949;
33000;586;16885;0;5714;2022-02-25T01:50:51.063;
34000;596;16943;0;5116;2022-02-25T01:54:36.380;
35000;599;16544;0;5412;2022-02-25T01:58:12.948;
36000;605;17049;0;5244;2022-02-25T02:01:56.860;
37000;612;17034;0;5312;2022-02-25T02:05:44.521;
38000;608;16917;0;5608;2022-02-25T02:09:28.871;
39000;618;17405;0;5016;2022-02-25T02:13:19.548;
40000;626;17040;0;4966;2022-02-25T02:17:04.492;
41000;642;17120;0;5230;2022-02-25T02:20:50.951;
42000;623;17277;0;5008;2022-02-25T02:24:38.176;
43000;649;17177;0;4588;2022-02-25T02:28:24.276;
44000;649;16945;0;5013;2022-02-25T02:32:10.377;
45000;639;16919;0;5530;2022-02-25T02:35:52.963;
46000;654;16850;0;5444;2022-02-25T02:39:34.517;
47000;674;17244;0;4568;2022-02-25T02:43:22.587;
48000;664;17185;0;4995;2022-02-25T02:47:10.032;
49000;659;17373;0;5037;2022-02-25T02:50:59.227;
50000;648;16991;0;5337;2022-02-25T02:54:46.595;
51000;704;17704;0;3796;2022-02-25T02:58:38.337;
52000;682;17063;0;5652;2022-02-25T03:02:26.017;
53000;676;17168;0;4334;2022-02-25T03:06:14.494;
54000;683;17042;0;4767;2022-02-25T03:10:01.471;
55000;682;17484;0;5071;2022-02-25T03:13:52.214;
56000;682;17425;0;4783;2022-02-25T03:17:42.707;
57000;689;17538;0;4388;2022-02-25T03:21:33.466;
58000;686;17508;0;4784;2022-02-25T03:25:25.506;
59000;695;17184;0;4517;2022-02-25T03:29:12.187;
60000;703;17462;0;4522;2022-02-25T03:33:02.524;
61000;701;17139;0;4827;2022-02-25T03:36:51.643;
62000;741;17347;0;4412;2022-02-25T03:40:41.153;
63000;727;17460;0;4099;2022-02-25T03:44:30.662;
64000;694;17274;0;4752;2022-02-25T03:48:18.578;
65000;687;17367;0;4308;2022-02-25T03:52:08.557;
66000;748;17482;0;4121;2022-02-25T03:56:01.551;
67000;707;17619;0;4747;2022-02-25T03:59:56.561;
68000;712;17125;0;4388;2022-02-25T04:03:42.290;
69000;710;17355;0;5049;2022-02-25T04:07:32.550;
70000;692;17339;0;4759;2022-02-25T04:11:21.061;
71000;716;17221;0;4060;2022-02-25T04:15:09.025;
72000;731;17283;0;4497;2022-02-25T04:18:57.270;
73000;720;17584;0;4477;2022-02-25T04:22:51.842;
74000;713;17621;0;3762;2022-02-25T04:26:43.166;
75000;719;17354;0;4865;2022-02-25T04:30:33.239;
76000;750;17441;0;4160;2022-02-25T04:34:23;
77000;742;17651;0;4023;2022-02-25T04:38:16.120;
78000;756;17890;0;4284;2022-02-25T04:42:14.537;
79000;728;17816;0;4370;2022-02-25T04:46:10.532;
80000;746;17203;0;4111;2022-02-25T04:49:56.996;
81000;733;17403;0;4277;2022-02-25T04:53:47.133;
82000;728;17653;0;4044;2022-02-25T04:57:41.175;
83000;758;17945;0;4005;2022-02-25T05:01:36.331;
84000;721;17284;0;4461;2022-02-25T05:05:24.204;
85000;733;17465;0;4137;2022-02-25T05:09:16.294;
86000;753;17612;0;3713;2022-02-25T05:13:10.729;
87000;760;17533;0;4027;2022-02-25T05:17:03.852;
88000;740;17228;0;4176;2022-02-25T05:20:50.788;
89000;737;17724;0;4320;2022-02-25T05:24:45.521;
90000;766;17885;0;3709;2022-02-25T05:28:40.192;
91000;758;17616;0;3623;2022-02-25T05:32:33.020;
92000;748;17470;0;4255;2022-02-25T05:36:24.473;
93000;749;17497;0;3946;2022-02-25T05:40:15.880;
94000;763;17509;0;3813;2022-02-25T05:44:06.506;
95000;753;17790;0;3829;2022-02-25T05:48:03.960;
96000;778;18006;0;3982;2022-02-25T05:51:59.226;
97000;767;17503;0;3958;2022-02-25T05:55:50.228;
98000;769;17800;0;3581;2022-02-25T05:59:47.871;
99000;770;18025;0;3460;2022-02-25T06:03:47.013;
100000;747;17758;0;4316;2022-02-25T06:07:40.500;
101000;761;17623;0;3850;2022-02-25T06:11:31.691;
102000;743;17319;0;3841;2022-02-25T06:15:21.554;
103000;746;17814;0;4255;2022-02-25T06:19:17.620;
104000;757;17603;0;4052;2022-02-25T06:23:10.655;
105000;733;17824;0;4328;2022-02-25T06:27:09.237;
106000;762;17837;0;3916;2022-02-25T06:31:01.898;
107000;771;17678;0;4468;2022-02-25T06:34:54.574;
108000;771;17849;0;3638;2022-02-25T06:38:51.798;
109000;771;18082;0;3143;2022-02-25T06:42:51.474;
110000;771;18195;0;3551;2022-02-25T06:46:52.526;
111000;786;18000;0;2838;2022-02-25T06:50:51.297;
112000;772;17975;0;3718;2022-02-25T06:54:48.771;
113000;773;18090;0;3469;2022-02-25T06:58:50.307;
114000;782;18203;0;3554;2022-02-25T07:02:47.954;
115000;773;17902;0;3350;2022-02-25T07:06:46.445;
116000;775;17938;0;3768;2022-02-25T07:10:42.045;
117000;781;17943;0;3719;2022-02-25T07:14:38.302;
118000;766;17668;0;3476;2022-02-25T07:18:31.559;
119000;797;18049;0;3138;2022-02-25T07:22:31.409;
120000;814;18136;0;3045;2022-02-25T07:26:28.620;
121000;804;18113;0;3568;2022-02-25T07:30:30.502;
122000;793;17832;0;3044;2022-02-25T07:34:23.885;
123000;785;17502;0;3528;2022-02-25T07:38:15.596;
124000;772;17529;0;3553;2022-02-25T07:42:05.683;
125000;780;17847;0;3608;2022-02-25T07:45:59.957;
126000;796;18195;0;3300;2022-02-25T07:50:02.558;
127000;773;18026;0;3540;2022-02-25T07:53:58.410;
128000;777;17903;0;3532;2022-02-25T07:57:56.200;
129000;777;18214;0;3427;2022-02-25T08:01:56.990;
130000;790;18062;0;3740;2022-02-25T08:05:52.498;
131000;791;17840;0;3718;2022-02-25T08:09:50.007;
132000;780;17765;0;3238;2022-02-25T08:13:44.939;
133000;794;17825;0;3124;2022-02-25T08:17:38.917;
134000;791;18089;0;3336;2022-02-25T08:21:37.004;
135000;796;18046;0;3588;2022-02-25T08:25:36.654;
136000;808;17863;0;3572;2022-02-25T08:29:29.804;
137000;801;17962;0;3047;2022-02-25T08:33:26.814;
138000;816;18234;0;2632;2022-02-25T08:37:28.886;
139000;809;17847;0;2625;2022-02-25T08:41:22.005;
140000;818;18487;0;2972;2022-02-25T08:45:26.546;
141000;814;17778;0;3012;2022-02-25T08:49:21.041;
142000;802;18160;0;3321;2022-02-25T08:53:18.863;
143000;799;18398;0;2908;2022-02-25T08:57:23.138;
144000;797;18344;0;3238;2022-02-25T09:01:24.367;
145000;794;18073;0;3650;2022-02-25T09:05:23.456;
146000;808;18274;0;2929;2022-02-25T09:09:21.685;
147000;809;17979;0;3391;2022-02-25T09:13:20.898;
148000;806;18354;0;3205;2022-02-25T09:17:21.627;
149000;769;17811;0;4187;2022-02-25T09:21:19.357;
150000;786;18009;0;3803;2022-02-25T09:25:16.836;
151000;827;18374;0;3182;2022-02-25T09:29:20.159;
152000;799;18257;0;3160;2022-02-25T09:33:20.732;
153000;799;18243;0;3263;2022-02-25T09:37:22.884;
154000;812;18418;0;2782;2022-02-25T09:41:25.925;
155000;800;17768;0;3100;2022-02-25T09:45:21.546;
156000;812;18805;0;2854;2022-02-25T09:49:28.291;
157000;839;18591;0;2670;2022-02-25T09:53:34.380;
158000;804;18369;0;2687;2022-02-25T09:57:38.062;
159000;826;18242;0;2571;2022-02-25T10:01:36.011;
160000;802;18380;0;2798;2022-02-25T10:05:41.944;
161000;803;18072;0;3552;2022-02-25T10:09:38.049;
162000;802;18120;0;2937;2022-02-25T10:13:38.482;
163000;809;18185;0;3331;2022-02-25T10:17:38.088;
164000;810;17978;0;3353;2022-02-25T10:21:38.677;
165000;806;17790;0;2898;2022-02-25T10:25:34.408;
166000;808;18293;0;3084;2022-02-25T10:29:34.341;
167000;826;18498;0;2643;2022-02-25T10:33:37.837;
168000;824;18051;0;2945;2022-02-25T10:37:37.786;
169000;838;18312;0;2572;2022-02-25T10:41:38.969;
170000;799;18111;0;3186;2022-02-25T10:45:40.512;
171000;850;18540;0;2283;2022-02-25T10:49:45.211;
172000;813;18129;0;2772;2022-02-25T10:53:45.911;
173000;814;18506;0;2664;2022-02-25T10:57:49.219;
174000;814;18251;0;3123;2022-02-25T11:01:50.575;
175000;798;18069;0;2684;2022-02-25T11:05:49.665;
176000;827;18352;0;2692;2022-02-25T11:09:52.661;
177000;826;18320;0;2842;2022-02-25T11:13:57.751;
178000;833;18412;0;2802;2022-02-25T11:17:58.731;
179000;802;18135;0;2890;2022-02-25T11:22:00.571;
180000;832;18464;0;2772;2022-02-25T11:26:03.817;
181000;836;18306;0;2437;2022-02-25T11:30:06.220;
182000;805;18311;0;3290;2022-02-25T11:34:08.654;
183000;808;18552;0;2903;2022-02-25T11:38:12.666;
184000;842;18258;0;2390;2022-02-25T11:42:16.193;
185000;831;18315;0;2833;2022-02-25T11:46:16.081;
186000;814;17901;0;2871;2022-02-25T11:50:13.203;
187000;810;18188;0;2834;2022-02-25T11:54:11.590;
188000;824;18404;0;3103;2022-02-25T11:58:16.399;
189000;809;18310;0;2844;2022-02-25T12:02:15.958;
190000;795;18043;0;3131;2022-02-25T12:06:17.548;
191000;841;18332;0;2771;2022-02-25T12:10:19.139;
192000;833;18449;0;2705;2022-02-25T12:14:22.292;
193000;840;18478;0;2662;2022-02-25T12:18:28.475;
194000;820;18135;0;2675;2022-02-25T12:22:27.457;
195000;823;17894;0;2885;2022-02-25T12:26:24.938;
196000;820;18432;0;2885;2022-02-25T12:30:28.138;
197000;837;18295;0;2538;2022-02-25T12:34:32.603;
198000;830;18154;0;2665;2022-02-25T12:38:32.053;
199000;825;18244;0;2727;2022-02-25T12:42:33.987;
200000;818;17945;0;3314;2022-02-25T12:46:28.407;
201000;821;18514;0;2635;2022-02-25T12:50:35.184;
202000;824;18103;0;3109;2022-02-25T12:54:34.650;
203000;851;18373;0;2353;2022-02-25T12:58:36.100;
204000;814;18128;0;3162;2022-02-25T13:02:36.503;
205000;829;18413;0;2398;2022-02-25T13:06:38.828;
206000;823;18253;0;2845;2022-02-25T13:10:41.700;
207000;806;18158;0;3115;2022-02-25T13:14:42.392;
208000;812;18071;0;2575;2022-02-25T13:18:43.300;
209000;830;18069;0;2831;2022-02-25T13:22:39.938;
210000;834;18238;0;3221;2022-02-25T13:26:39.060;
211000;829;18236;0;3020;2022-02-25T13:30:38.542;
212000;807;18101;0;2884;2022-02-25T13:34:41.664;
213000;833;18156;0;2934;2022-02-25T13:38:39.395;
214000;832;18363;0;3214;2022-02-25T13:42:42.736;
215000;835;18394;0;2822;2022-02-25T13:46:44.452;
216000;833;18317;0;2243;2022-02-25T13:50:45.668;
217000;824;18377;0;2735;2022-02-25T13:54:50.494;
218000;838;18755;0;2443;2022-02-25T13:59:00.295;
219000;823;18431;0;2940;2022-02-25T14:03:06.120;
220000;812;18008;0;3333;2022-02-25T14:07:04.269;
221000;837;18814;0;2292;2022-02-25T14:11:13.786;
222000;837;18253;0;2750;2022-02-25T14:15:17.960;
223000;840;18340;0;2585;2022-02-25T14:19:18.010;
224000;836;18447;0;2209;2022-02-25T14:23:25.529;
225000;849;18250;0;2470;2022-02-25T14:27:24.206;
226000;826;18693;0;2858;2022-02-25T14:31:31.977;
227000;834;18527;0;2842;2022-02-25T14:35:36.366;
228000;812;18298;0;2882;2022-02-25T14:39:37.794;
229000;839;18423;0;2936;2022-02-25T14:43:41.613;
230000;829;18652;0;2673;2022-02-25T14:47:48.073;
231000;848;18385;0;2552;2022-02-25T14:51:52.581;
232000;834;18294;0;2682;2022-02-25T14:55:54.449;
233000;818;18463;0;2977;2022-02-25T15:00:15.940;
234000;822;18362;0;2497;2022-02-25T15:04:31.963;
235000;846;18426;0;2588;2022-02-25T15:08:47.144;
236000;844;18516;0;2912;2022-02-25T15:13:00.872;
237000;799;18040;0;3315;2022-02-25T15:17:17.147;
238000;839;18454;0;2652;2022-02-25T15:21:39.735;
239000;838;18489;0;2713;2022-02-25T15:26:01.573;
240000;829;18727;0;2738;2022-02-25T15:30:30.317;
241000;833;18419;0;2680;2022-02-25T15:35:00.624;
242000;830;18405;0;2369;2022-02-25T15:39:15.011;
243000;841;18407;0;2779;2022-02-25T15:43:23.822;
244000;832;17874;0;2951;2022-02-25T15:47:40.944;
245000;833;18186;0;2594;2022-02-25T15:52:02.613;
246000;856;18223;0;2564;2022-02-25T15:56:08.926;
247000;846;18223;0;2586;2022-02-25T16:00:19.410;
248000;837;18139;0;2684;2022-02-25T16:04:41.440;
249000;849;18323;0;2270;2022-02-25T16:08:59.173;
250000;873;18758;0;2122;2022-02-25T16:13:14.330;
251000;836;18587;0;2805;2022-02-25T16:17:30.987;
252000;846;18518;0;2376;2022-02-25T16:22:02.267;
253000;832;18154;0;3146;2022-02-25T16:26:16.253;
254000;833;18215;0;2575;2022-02-25T16:30:23.505;
255000;847;18744;0;2489;2022-02-25T16:34:39.882;
256000;837;18180;0;2635;2022-02-25T16:39:02.508;
257000;851;18964;0;2405;2022-02-25T16:43:26.354;
258000;841;18601;0;1966;2022-02-25T16:47:42.528;
259000;826;18338;0;2930;2022-02-25T16:51:56.219;
260000;842;18232;0;2181;2022-02-25T16:56:11.316;
261000;825;18224;0;2960;2022-02-25T17:00:24.617;
262000;828;18241;0;2699;2022-02-25T17:04:23.482;
263000;827;18205;0;2721;2022-02-25T17:08:21.738;
264000;835;18759;0;2578;2022-02-25T17:12:30.384;
265000;830;18238;0;2678;2022-02-25T17:16:31.374;
266000;845;18497;0;2342;2022-02-25T17:20:33.255;
267000;843;18341;0;2571;2022-02-25T17:24:37.215;
268000;849;18528;0;2817;2022-02-25T17:28:40.049;
269000;839;18673;0;2786;2022-02-25T17:32:45.728;
270000;844;18653;0;2354;2022-02-25T17:36:51.297;
271000;849;18419;0;2666;2022-02-25T17:40:52.788;
272000;851;18541;0;2765;2022-02-25T17:44:57.717;
273000;836;18767;0;2684;2022-02-25T17:49:06.818;
274000;846;18157;0;2405;2022-02-25T17:53:06.904;
275000;852;18621;0;2323;2022-02-25T17:57:12.114;
276000;825;17989;0;2897;2022-02-25T18:01:12.013;
277000;834;18614;0;2582;2022-02-25T18:05:16.552;
278000;846;18244;0;2423;2022-02-25T18:09:19.217;
279000;838;18425;0;2512;2022-02-25T18:13:23.693;
280000;830;18725;0;2871;2022-02-25T18:17:30.639;
281000;849;18382;0;2460;2022-02-25T18:21:32.741;
282000;839;18431;0;2387;2022-02-25T18:25:39.406;
283000;857;18660;0;2493;2022-02-25T18:29:48.102;
284000;850;18280;0;2156;2022-02-25T18:33:49.455;
285000;829;18098;0;2487;2022-02-25T18:37:50.354;
286000;854;18496;0;2664;2022-02-25T18:41:54.895;
287000;866;18607;0;2215;2022-02-25T18:45:59.373;
288000;837;18461;0;2871;2022-02-25T18:50:03.288;
289000;849;18685;0;2358;2022-02-25T18:54:12.703;
290000;837;18520;0;2595;2022-02-25T18:58:20.379;
291000;853;18403;0;2248;2022-02-25T19:19:53.094;
292000;869;18403;0;2129;2022-02-25T19:22:06.485;
293000;860;18640;0;2198;2022-02-25T19:24:18.623;
294000;856;18806;0;2424;2022-02-25T19:26:31.059;
295000;866;19067;0;2078;2022-02-25T19:28:47.917;
296000;866;18855;0;2095;2022-02-25T19:31:04.437;
297000;875;18802;0;2319;2022-02-25T19:33:18.320;
298000;871;19088;0;1934;2022-02-25T19:35:32.855;
299000;856;18468;0;2831;2022-02-25T19:37:42.250;
300000;846;18315;0;2957;2022-02-25T19:39:53.489;
301000;844;18495;0;2572;2022-02-25T19:42:03.166;
302000;851;19023;0;2318;2022-02-25T19:44:15.389;
303000;875;18977;0;2091;2022-02-25T19:46:30.049;
304000;875;18708;0;2258;2022-02-25T19:48:43.772;
305000;853;18697;0;2278;2022-02-25T19:50:54.011;
306000;873;19017;0;1870;2022-02-25T19:53:07.578;
307000;874;19316;0;1987;2022-02-25T19:55:22.629;
308000;885;18881;0;1827;2022-02-25T19:57:37.024;
309000;875;19073;0;2261;2022-02-25T19:59:52.809;
310000;867;18603;0;2120;2022-02-25T20:02:03.798;
311000;864;18595;0;2583;2022-02-25T20:04:13.506;
312000;851;18492;0;2205;2022-02-25T20:06:25.651;
313000;856;18364;0;2814;2022-02-25T20:08:34.859;
314000;868;18800;0;1608;2022-02-25T20:10:47.142;
315000;881;18832;0;2102;2022-02-25T20:13:01.134;
316000;849;18705;0;2803;2022-02-25T20:15:15.498;
317000;882;18493;0;2386;2022-02-25T20:17:23.613;
318000;858;18254;0;2077;2022-02-25T20:19:33.227;
319000;894;18582;0;1485;2022-02-25T20:21:45.403;
320000;859;18541;0;2460;2022-02-25T20:23:54.377;
321000;857;18484;0;2709;2022-02-25T20:26:05.866;
322000;873;18408;0;2184;2022-02-25T20:28:15.605;
323000;875;18583;0;1993;2022-02-25T20:30:25.360;
324000;865;18605;0;1825;2022-02-25T20:32:37.756;
325000;859;18363;0;2398;2022-02-25T20:34:46.589;
326000;878;18463;0;2228;2022-02-25T20:36:56.781;
327000;865;18454;0;2271;2022-02-25T20:39:08.911;
328000;873;18613;0;2190;2022-02-25T20:41:19.088;
329000;865;18457;0;2261;2022-02-25T20:43:27.672;
330000;877;18629;0;2136;2022-02-25T20:45:41.255;
331000;872;18357;0;1882;2022-02-25T20:47:49.229;
332000;860;18715;0;2212;2022-02-25T20:50:00.681;
333000;873;18791;0;2034;2022-02-25T20:52:14.757;
334000;869;18971;0;1777;2022-02-25T20:54:27.106;
335000;887;19003;0;2222;2022-02-25T20:56:40.126;
336000;870;18624;0;1802;2022-02-25T20:58:51.366;
337000;876;18755;0;2478;2022-02-25T21:01:05.761;
338000;876;18694;0;2248;2022-02-25T21:03:15.954;
339000;847;18351;0;2668;2022-02-25T21:05:24.865;
340000;858;18956;0;1964;2022-02-25T21:07:39.385;
341000;881;18569;0;2124;2022-02-25T21:09:51.805;
342000;886;18707;0;1752;2022-02-25T21:12:01.123;
343000;886;18710;0;1673;2022-02-25T21:14:13.706;
344000;856;18524;0;2288;2022-02-25T21:16:23.852;
345000;864;18365;0;2237;2022-02-25T21:18:31.138;
346000;887;18793;0;1794;2022-02-25T21:20:46.190;
347000;883;18752;0;2187;2022-02-25T21:22:57.742;
348000;873;18891;0;1941;2022-02-25T21:25:09.809;
349000;870;18652;0;1980;2022-02-25T21:27:20.143;
350000;877;18658;0;2063;2022-02-25T21:29:31.585;
351000;873;18914;0;1815;2022-02-25T21:31:43.575;
352000;868;18594;0;2368;2022-02-25T21:33:53.345;
353000;873;18610;0;2814;2022-02-25T21:36:04.632;
354000;861;18533;0;2749;2022-02-25T21:38:12.643;
355000;885;18786;0;2280;2022-02-25T21:40:25.819;
356000;848;18470;0;2365;2022-02-25T21:42:35.684;
357000;856;18499;0;2190;2022-02-25T21:44:43.315;
358000;860;18513;0;2033;2022-02-25T21:46:56.429;
359000;868;18450;0;2299;2022-02-25T21:49:03.966;
360000;901;19089;0;1663;2022-02-25T21:51:17.236;
361000;869;18695;0;2694;2022-02-25T21:53:31.288;
362000;855;18709;0;2790;2022-02-25T21:55:40.184;
363000;854;18481;0;2760;2022-02-25T21:57:50.267;
364000;869;18459;0;2329;2022-02-25T21:59:59.851;
365000;889;18865;0;1998;2022-02-25T22:02:11.692;
366000;881;18373;0;2020;2022-02-25T22:04:22.339;
367000;854;18860;0;2398;2022-02-25T22:06:34.375;
368000;869;18868;0;1981;2022-02-25T22:08:46.005;
369000;872;18905;0;2016;2022-02-25T22:10:59.073;
370000;876;18888;0;2048;2022-02-25T22:13:13.312;
371000;866;18727;0;1985;2022-02-25T22:15:25.942;
372000;872;18476;0;2020;2022-02-25T22:17:35.713;
373000;872;18383;0;1976;2022-02-25T22:19:44.797;
374000;885;18745;0;1824;2022-02-25T22:21:58.302;
375000;873;18812;0;2272;2022-02-25T22:24:10.229;
376000;868;18875;0;1748;2022-02-25T22:26:21;
377000;866;18730;0;2079;2022-02-25T22:28:32.834;
378000;857;18738;0;2661;2022-02-25T22:30:46.948;
379000;882;18695;0;1558;2022-02-25T22:32:57.610;
380000;854;18689;0;2136;2022-02-25T22:35:07.584;
381000;855;18495;0;2184;2022-02-25T22:37:19.089;
382000;881;18751;0;2169;2022-02-25T22:39:30.926;
383000;853;18769;0;2068;2022-02-25T22:41:40.650;
384000;860;18556;0;2347;2022-02-25T22:43:52.827;
385000;864;18512;0;2002;2022-02-25T22:46:01.036;
386000;871;19297;0;2097;2022-02-25T22:48:15.557;
387000;881;18528;0;1865;2022-02-25T22:50:27.421;
388000;879;18705;0;2159;2022-02-25T22:52:37.237;
389000;856;18603;0;2162;2022-02-25T22:54:47.120;
390000;888;18769;0;1732;2022-02-25T22:57:00.479;
391000;882;18487;0;1781;2022-02-25T22:59:08.891;
392000;869;18518;0;2237;2022-02-25T23:01:18.756;
393000;879;18824;0;1742;2022-02-25T23:03:32.230;
394000;867;18687;0;2072;2022-02-25T23:05:41.614;
395000;869;18511;0;2443;2022-02-25T23:07:53.338;
396000;871;18526;0;2374;2022-02-25T23:10:01.359;
397000;891;18773;0;1707;2022-02-25T23:12:13.449;
398000;872;18167;0;2211;2022-02-25T23:14:22.641;
399000;885;18694;0;1982;2022-02-25T23:16:31.926;
400000;867;18635;0;2202;2022-02-25T23:18:43.946;
401000;872;18672;0;2144;2022-02-25T23:20:56.075;
402000;872;18959;0;2098;2022-02-25T23:23:07.002;
403000;837;18520;0;2884;2022-02-25T23:25:16.632;
404000;861;18708;0;2337;2022-02-25T23:27:30.231;
405000;868;18807;0;1921;2022-02-25T23:29:40.393;
406000;881;18889;0;2007;2022-02-25T23:31:50.805;
407000;879;18545;0;1800;2022-02-25T23:34:03.733;
408000;879;19120;0;1833;2022-02-25T23:36:16.285;
409000;874;18885;0;2313;2022-02-25T23:38:27.370;
410000;865;18711;0;2126;2022-02-25T23:40:40.314;
411000;866;18753;0;2212;2022-02-25T23:42:50.665;
412000;875;18810;0;2011;2022-02-25T23:45:01.891;
413000;852;18815;0;2261;2022-02-25T23:47:14.117;
414000;884;18723;0;1820;2022-02-25T23:49:25.749;
415000;891;18867;0;1729;2022-02-25T23:51:37.023;
416000;870;18908;0;1970;2022-02-25T23:53:48.297;
417000;879;18772;0;1896;2022-02-25T23:56:01.758;
418000;864;18540;0;2075;2022-02-25T23:58:09.673;
419000;876;18571;0;2017;2022-02-26T00:00:20.244;
420000;865;18569;0;2036;2022-02-26T00:02:30.457;
421000;874;18782;0;2091;2022-02-26T00:04:40.685;
422000;866;18328;0;2415;2022-02-26T00:06:50.460;
423000;859;18724;0;2317;2022-02-26T00:09:00.251;
424000;867;18735;0;2352;2022-02-26T00:11:10.558;
425000;878;18738;0;1919;2022-02-26T00:13:24.161;
426000;860;18588;0;2050;2022-02-26T00:15:33.093;
427000;878;19030;0;2284;2022-02-26T00:17:43.885;
428000;884;18502;0;1860;2022-02-26T00:19:56.785;
429000;869;18654;0;1917;2022-02-26T00:22:06.890;
430000;875;18913;0;2053;2022-02-26T00:24:18.244;
431000;882;18998;0;1815;2022-02-26T00:26:32.333;
432000;868;18575;0;2361;2022-02-26T00:28:44.641;
433000;862;18734;0;2348;2022-02-26T00:30:54.043;
434000;883;18861;0;1938;2022-02-26T00:33:06.179;
435000;878;18471;0;1831;2022-02-26T00:35:18.628;
436000;886;18438;0;1976;2022-02-26T00:37:25.609;
437000;866;18597;0;2407;2022-02-26T00:39:37.277;
438000;890;18759;0;1969;2022-02-26T00:41:46.743;
439000;873;18979;0;2085;2022-02-26T00:43:58.474;
440000;894;19076;0;1860;2022-02-26T00:46:12.195;
441000;871;18458;0;2375;2022-02-26T00:48:23.603;
442000;872;18481;0;2128;2022-02-26T00:50:31.398;
443000;877;18901;0;1997;2022-02-26T00:52:44.473;
444000;873;18471;0;1885;2022-02-26T00:54:54.486;
445000;877;18713;0;2245;2022-02-26T00:57:04.093;
446000;877;18615;0;2235;2022-02-26T00:59:16.278;
447000;862;18754;0;2417;2022-02-26T01:01:27.822;
448000;877;18592;0;2077;2022-02-26T01:03:36.430;
449000;884;18861;0;1863;2022-02-26T01:05:49.177;
450000;879;18603;0;2091;2022-02-26T01:08:01.144;
451000;873;19235;0;1873;2022-02-26T01:10:15.767;
452000;870;18905;0;2300;2022-02-26T01:12:26.843;
453000;872;18641;0;1877;2022-02-26T01:14:38.888;
454000;882;18786;0;1770;2022-02-26T01:16:51.980;
455000;851;18252;0;2239;2022-02-26T01:18:59.464;
456000;880;18513;0;2200;2022-02-26T01:21:10.619;
457000;873;18731;0;1769;2022-02-26T01:23:24.399;
458000;872;18623;0;1897;2022-02-26T01:25:34.210;
459000;880;18503;0;2010;2022-02-26T01:27:44.147;
460000;873;18512;0;2112;2022-02-26T01:29:54.334;
461000;873;18988;0;2018;2022-02-26T01:32:05.864;
462000;875;18682;0;1731;2022-02-26T01:34:17.333;
463000;860;18393;0;2494;2022-02-26T01:36:28.723;
464000;875;18696;0;2006;2022-02-26T01:38:39.394;
465000;878;18680;0;2133;2022-02-26T01:40:49.175;
466000;880;18717;0;2076;2022-02-26T01:43:03.472;
467000;862;18682;0;2159;2022-02-26T01:45:14.862;
468000;876;18974;0;1945;2022-02-26T01:47:28.549;
469000;880;18863;0;1553;2022-02-26T01:49:40.456;
470000;865;18566;0;2012;2022-02-26T01:51:51.721;
471000;868;18728;0;2179;2022-02-26T01:54:02.878;
472000;879;18490;0;2116;2022-02-26T01:56:11.894;
473000;870;18622;0;2156;2022-02-26T01:58:23.207;
474000;873;18722;0;2268;2022-02-26T02:00:36.457;
475000;884;19044;0;1685;2022-02-26T02:02:51.601;
476000;881;18706;0;2114;2022-02-26T02:05:01.398;
477000;871;18709;0;2401;2022-02-26T02:07:14.743;
478000;846;18493;0;2700;2022-02-26T02:09:24.556;
479000;876;18868;0;2324;2022-02-26T02:11:36.463;
480000;868;18708;0;2103;2022-02-26T02:13:48.527;
481000;858;19095;0;2086;2022-02-26T02:16:02.574;
482000;881;19078;0;2031;2022-02-26T02:18:14.700;
483000;871;18757;0;2256;2022-02-26T02:20:25.420;
484000;881;18692;0;1997;2022-02-26T02:22:37.593;
485000;877;18596;0;1858;2022-02-26T02:24:46.361;
486000;858;18548;0;2454;2022-02-26T02:26:55.409;
487000;874;18812;0;2187;2022-02-26T02:29:08.879;
488000;858;18726;0;2424;2022-02-26T02:31:20.490;
489000;875;18762;0;2085;2022-02-26T02:33:32.335;
490000;868;18758;0;2083;2022-02-26T02:35:43.821;
491000;861;19074;0;2241;2022-02-26T02:37:59.307;
492000;890;19043;0;2138;2022-02-26T02:40:12.355;
493000;866;18386;0;2129;2022-02-26T02:42:21.295;
494000;884;18931;0;1536;2022-02-26T02:44:33.344;
495000;871;18988;0;1660;2022-02-26T02:46:47.861;
496000;875;18959;0;1861;2022-02-26T02:49:00.800;
497000;855;18418;0;2067;2022-02-26T02:51:08.756;
498000;884;19134;0;1849;2022-02-26T02:53:22.992;
499000;889;18772;0;1903;2022-02-26T02:55:36.307;
500000;881;18911;0;2040;2022-02-26T02:57:46.981;
501000;877;18622;0;2103;2022-02-26T02:59:56.749;
502000;884;19063;0;2168;2022-02-26T03:02:11.876;
503000;886;19090;0;1482;2022-02-26T03:04:26.300;
504000;894;18878;0;1391;2022-02-26T03:06:37.662;
505000;871;18579;0;1711;2022-02-26T03:08:46.258;
506000;872;18931;0;2098;2022-02-26T03:11:01.839;
507000;880;18501;0;2113;2022-02-26T03:13:10.320;
508000;861;18829;0;1896;2022-02-26T03:15:22.577;
509000;874;18792;0;2301;2022-02-26T03:17:36.312;
510000;860;18701;0;2505;2022-02-26T03:19:48.523;
511000;898;18805;0;1776;2022-02-26T03:21:59.604;
512000;875;18566;0;1843;2022-02-26T03:24:11.373;
513000;878;18499;0;1733;2022-02-26T03:26:20.891;
514000;876;18449;0;1767;2022-02-26T03:28:28.566;
515000;847;18808;0;1990;2022-02-26T03:30:43.428;
516000;892;19006;0;1411;2022-02-26T03:33:02.962;
517000;865;18741;0;2206;2022-02-26T03:35:14.699;
518000;875;18957;0;1769;2022-02-26T03:37:27.124;
519000;868;18695;0;2380;2022-02-26T03:39:38.471;
520000;879;18800;0;1802;2022-02-26T03:41:52.333;
521000;886;18641;0;1445;2022-02-26T03:44:02.509;
522000;876;18887;0;1968;2022-02-26T03:46:14.590;
523000;890;18764;0;1777;2022-02-26T03:48:27.015;
524000;871;18878;0;1763;2022-02-26T03:50:41.612;
525000;883;18932;0;1565;2022-02-26T03:52:53.990;
526000;878;18615;0;2171;2022-02-26T03:55:04.603;
527000;877;18497;0;2045;2022-02-26T03:57:15.060;
528000;876;18643;0;1932;2022-02-26T03:59:26.501;
529000;898;19240;0;1543;2022-02-26T04:01:41.473;
530000;887;18192;0;1883;2022-02-26T04:03:47.930;
531000;875;18945;0;1704;2022-02-26T04:06:03.074;
532000;887;18729;0;1768;2022-02-26T04:08:15.108;
533000;887;19332;0;1969;2022-02-26T04:10:30.768;
534000;884;18828;0;1825;2022-02-26T04:12:42.662;
535000;860;18797;0;2614;2022-02-26T04:14:53.853;
536000;865;18340;0;2140;2022-02-26T04:17:05.138;
537000;875;18617;0;2139;2022-02-26T04:19:14.158;
538000;866;18469;0;2027;2022-02-26T04:21:23.459;
539000;870;18574;0;1913;2022-02-26T04:23:35.994;
540000;863;18637;0;2366;2022-02-26T04:25:46.373;
541000;866;18674;0;2068;2022-02-26T04:27:55.752;
542000;857;18546;0;2553;2022-02-26T04:30:08.771;
543000;885;18474;0;1948;2022-02-26T04:32:17.744;
544000;880;18450;0;1779;2022-02-26T04:34:26.405;
545000;875;18794;0;1977;2022-02-26T04:36:40.908;
546000;889;18780;0;1772;2022-02-26T04:38:52.459;
547000;875;18534;0;1959;2022-02-26T04:41:03.026;
548000;859;18746;0;2140;2022-02-26T04:43:14.342;
549000;894;18592;0;2044;2022-02-26T04:45:28.049;
550000;875;18641;0;2145;2022-02-26T04:47:36.913;
551000;874;18870;0;1914;2022-02-26T04:49:48.573;
552000;864;18525;0;2260;2022-02-26T04:52:00.921;
553000;874;18810;0;2304;2022-02-26T04:54:13.035;
554000;902;18658;0;1195;2022-02-26T04:56:23.771;
555000;878;18544;0;1986;2022-02-26T04:58:34.439;
556000;876;18911;0;2333;2022-02-26T05:00:47.840;
557000;869;18726;0;2330;2022-02-26T05:02:58.618;
558000;880;18764;0;1773;2022-02-26T05:05:09.458;
559000;871;18618;0;2360;2022-02-26T05:07:22.408;
560000;880;18446;0;1975;2022-02-26T05:09:31.967;
561000;879;18587;0;1970;2022-02-26T05:11:42.776;
562000;889;19273;0;1897;2022-02-26T05:13:57.382;
563000;902;18929;0;1547;2022-02-26T05:16:11.223;
564000;875;18792;0;2083;2022-02-26T05:18:25.282;
565000;883;18673;0;1573;2022-02-26T05:20:33.998;
566000;867;18468;0;2492;2022-02-26T05:22:43.262;
567000;883;19028;0;1867;2022-02-26T05:24:58.696;
568000;881;18785;0;2034;2022-02-26T05:27:10.272;
569000;896;18886;0;1568;2022-02-26T05:29:22.614;
570000;875;18839;0;2071;2022-02-26T05:31:35.065;
571000;895;18881;0;1884;2022-02-26T05:33:48.969;
572000;858;18664;0;2217;2022-02-26T05:36:02.092;
573000;874;18749;0;1836;2022-02-26T05:38:13.949;
574000;896;18661;0;1875;2022-02-26T05:40:23.260;
575000;871;18442;0;2103;2022-02-26T05:42:35.650;
576000;871;18744;0;2090;2022-02-26T05:44:45.945;
577000;891;19049;0;1846;2022-02-26T05:46:58.991;
578000;883;18910;0;1904;2022-02-26T05:49:12.505;
579000;874;18563;0;2288;2022-02-26T05:51:25.254;
580000;882;18497;0;2143;2022-02-26T05:53:36.003;
581000;896;18903;0;1582;2022-02-26T05:55:48.643;
582000;876;18623;0;1910;2022-02-26T05:57:58.689;
583000;867;18682;0;2431;2022-02-26T06:00:12.985;
584000;888;18777;0;1806;2022-02-26T06:02:24.125;
585000;876;18717;0;2100;2022-02-26T06:04:34.422;
586000;874;18799;0;1873;2022-02-26T06:06:46.625;
587000;885;18632;0;2016;2022-02-26T06:08:58.890;
588000;888;19047;0;1898;2022-02-26T06:11:12.155;
589000;888;18987;0;1775;2022-02-26T06:13:26.467;
590000;884;18794;0;1579;2022-02-26T06:15:37.311;
591000;879;18786;0;1767;2022-02-26T06:17:51.608;
592000;888;18805;0;1983;2022-02-26T06:20:05.483;
593000;885;18743;0;1758;2022-02-26T06:22:17.108;
594000;880;18854;0;2159;2022-02-26T06:24:29.624;
595000;892;18718;0;1610;2022-02-26T06:26:40.531;
596000;866;18527;0;1615;2022-02-26T06:28:53.719;
597000;878;18818;0;2115;2022-02-26T06:31:04.704;
598000;880;18667;0;2158;2022-02-26T06:33:14.658;
599000;892;18864;0;1515;2022-02-26T06:35:28.237;
600000;868;18574;0;2437;2022-02-26T06:37:40.707;
601000;886;18847;0;1984;2022-02-26T06:39:52.567;
602000;874;19015;0;2357;2022-02-26T06:42:07.130;
603000;890;18569;0;1356;2022-02-26T06:44:17.600;
604000;887;18555;0;2012;2022-02-26T06:46:30.586;
605000;871;18848;0;2202;2022-02-26T06:48:42.806;
606000;890;18608;0;1977;2022-02-26T06:50:53.229;
607000;866;18540;0;2133;2022-02-26T06:53:04.668;
608000;868;18643;0;2059;2022-02-26T06:55:16.825;
609000;883;18665;0;2098;2022-02-26T06:57:27.421;
610000;872;18498;0;2358;2022-02-26T06:59:37.251;
611000;877;18809;0;2003;2022-02-26T07:01:51.705;
612000;890;18570;0;1732;2022-02-26T07:04:01.598;
613000;878;18928;0;1851;2022-02-26T07:06:14.303;
614000;880;18960;0;1527;2022-02-26T07:08:27.039;
615000;881;18752;0;2090;2022-02-26T07:10:40.525;
616000;861;19152;0;2389;2022-02-26T07:12:56.511;
617000;896;18325;0;2061;2022-02-26T07:15:05.435;
618000;892;18910;0;1620;2022-02-26T07:17:18.546;
619000;883;18360;0;2049;2022-02-26T07:19:28.611;
620000;894;18830;0;1588;2022-02-26T07:21:42.129;
621000;884;19224;0;2050;2022-02-26T07:23:57.552;
622000;877;18885;0;2016;2022-02-26T07:26:10.133;
623000;873;18372;0;1918;2022-02-26T07:28:18.698;
624000;877;18656;0;2365;2022-02-26T07:30:33.044;
625000;870;19097;0;2388;2022-02-26T07:32:47.999;
626000;877;18812;0;1843;2022-02-26T07:34:59.049;
627000;856;18541;0;2162;2022-02-26T07:37:08.254;
628000;886;18780;0;1862;2022-02-26T07:39:21.476;
629000;883;18826;0;1825;2022-02-26T07:41:34.447;
630000;889;18719;0;1673;2022-02-26T07:43:45.622;
631000;872;18825;0;2218;2022-02-26T07:45:57.359;
632000;881;18483;0;2415;2022-02-26T07:48:09.408;
633000;887;18911;0;1747;2022-02-26T07:50:22.708;
634000;882;19048;0;1970;2022-02-26T07:52:36.039;
635000;889;19058;0;1683;2022-02-26T07:54:50.291;
636000;899;18537;0;2165;2022-02-26T07:56:59.998;
637000;891;18795;0;1961;2022-02-26T07:59:15.188;
638000;878;18607;0;2015;2022-02-26T08:01:26.613;
639000;873;18522;0;2311;2022-02-26T08:03:35.132;
640000;882;19102;0;2158;2022-02-26T08:05:49.244;
641000;856;18797;0;2399;2022-02-26T08:08:03.513;
642000;893;19097;0;1624;2022-02-26T08:10:19.187;
643000;881;19033;0;2015;2022-02-26T08:12:32.831;
644000;887;18487;0;2059;2022-02-26T08:14:41.632;
645000;877;18963;0;1490;2022-02-26T08:16:56.728;
646000;887;19057;0;1811;2022-02-26T08:19:10.294;
647000;884;18908;0;1532;2022-02-26T08:21:25.344;
648000;883;18503;0;1715;2022-02-26T08:23:35.629;
649000;876;18581;0;1604;2022-02-26T08:25:44.961;
650000;892;18933;0;1918;2022-02-26T08:27:58.589;
651000;867;18446;0;2194;2022-02-26T08:30:10.936;
652000;876;18778;0;2132;2022-02-26T08:32:22.393;
653000;863;19293;0;2091;2022-02-26T08:34:37.943;
654000;872;18866;0;2489;2022-02-26T08:36:49.962;
655000;898;18852;0;2049;2022-02-26T08:39:03.309;
656000;857;18621;0;2307;2022-02-26T08:41:16.829;
657000;880;18822;0;1679;2022-02-26T08:43:29.801;
658000;884;18936;0;1961;2022-02-26T08:45:42.601;
659000;855;18768;0;2591;2022-02-26T08:47:53.777;
660000;872;18824;0;1914;2022-02-26T08:50:06.828;
661000;882;19054;0;1697;2022-02-26T08:52:21.409;
662000;877;18908;0;1461;2022-02-26T08:54:34.023;
663000;886;18891;0;1803;2022-02-26T08:56:45.308;
664000;884;18533;0;1780;2022-02-26T08:58:55.921;
665000;902;19079;0;1218;2022-02-26T09:01:11.956;
666000;876;18808;0;1858;2022-02-26T09:03:25.647;
667000;876;18562;0;2140;2022-02-26T09:05:35.855;
668000;878;18764;0;2007;2022-02-26T09:07:48.390;
669000;874;18814;0;2082;2022-02-26T09:10:00.629;
670000;883;18889;0;2039;2022-02-26T09:12:15.899;
671000;865;18888;0;1850;2022-02-26T09:14:28.435;
672000;890;19263;0;1613;2022-02-26T09:16:43.564;
673000;878;18467;0;2171;2022-02-26T09:18:52.960;
674000;871;18340;0;1628;2022-02-26T09:21:03.058;
675000;887;19005;0;1550;2022-02-26T09:23:17.422;
676000;880;18532;0;2084;2022-02-26T09:25:27.818;
677000;893;18733;0;1714;2022-02-26T09:27:38.166;
678000;876;18380;0;2095;2022-02-26T09:29:50.858;
679000;889;18673;0;1902;2022-02-26T09:32:02.113;
680000;893;19154;0;2077;2022-02-26T09:34:16.008;
681000;887;19136;0;2036;2022-02-26T09:36:32.653;
682000;884;18368;0;2262;2022-02-26T09:38:42.065;
683000;879;18594;0;2022;2022-02-26T09:40:53.866;
684000;856;18750;0;2173;2022-02-26T09:43:04.293;
685000;878;18858;0;2401;2022-02-26T09:45:16.048;
686000;881;18803;0;1920;2022-02-26T09:47:30.334;
687000;898;18992;0;1227;2022-02-26T09:49:45.838;
688000;887;18957;0;1874;2022-02-26T09:51:58.890;
689000;881;18912;0;1890;2022-02-26T09:54:12.910;
690000;888;18924;0;1855;2022-02-26T09:56:26.681;
691000;887;19330;0;2002;2022-02-26T09:58:42.904;
692000;880;18573;0;2054;2022-02-26T10:00:52.878;
693000;890;18706;0;1635;2022-02-26T10:03:06.680;
694000;873;19217;0;2077;2022-02-26T10:05:21.403;
695000;882;18678;0;2185;2022-02-26T10:07:31.924;
696000;874;18964;0;1530;2022-02-26T10:09:44.350;
697000;888;19013;0;1850;2022-02-26T10:11:58.746;
698000;886;18342;0;2024;2022-02-26T10:14:09.735;
699000;862;18674;0;2313;2022-02-26T10:16:20.740;
700000;886;18790;0;1614;2022-02-26T10:18:31.808;
701000;882;18539;0;1984;2022-02-26T10:20:44.438;
702000;873;19027;0;2371;2022-02-26T10:22:58.177;
703000;873;18840;0;2492;2022-02-26T10:25:09.370;
704000;891;18776;0;2366;2022-02-26T10:27:21.297;
705000;880;18235;0;2475;2022-02-26T10:29:31.568;
706000;888;18868;0;1870;2022-02-26T10:31:43.260;
707000;887;18755;0;2188;2022-02-26T10:33:54.500;
708000;888;18843;0;1562;2022-02-26T10:36:07.520;
709000;907;19054;0;1555;2022-02-26T10:38:22.822;
710000;863;18473;0;2486;2022-02-26T10:40:31.296;
711000;880;18690;0;2127;2022-02-26T10:42:42.005;
712000;879;18757;0;2012;2022-02-26T10:44:55.853;
713000;888;18339;0;2083;2022-02-26T10:47:03.078;
714000;876;18625;0;2014;2022-02-26T10:49:12.770;
715000;892;18709;0;1573;2022-02-26T10:51:26.697;
716000;873;18513;0;2178;2022-02-26T10:53:34.922;
717000;902;18742;0;1719;2022-02-26T10:55:45.067;
718000;895;18795;0;1980;2022-02-26T10:57:59.776;
719000;884;18624;0;1897;2022-02-26T11:00:09.328;
720000;867;18497;0;2337;2022-02-26T11:02:17.380;
721000;886;18854;0;2010;2022-02-26T11:04:32.166;
722000;877;18457;0;2341;2022-02-26T11:06:40.359;
723000;871;18704;0;2159;2022-02-26T11:08:50.693;
724000;886;18817;0;1745;2022-02-26T11:11:05.167;
725000;890;18992;0;1758;2022-02-26T11:13:20;
726000;881;19154;0;1965;2022-02-26T11:15:34.692;
727000;882;18730;0;2121;2022-02-26T11:17:46.135;
728000;882;18842;0;1763;2022-02-26T11:19:59.594;
729000;892;18317;0;1656;2022-02-26T11:22:09.740;
730000;878;18822;0;2029;2022-02-26T11:24:21.698;
731000;893;19004;0;2045;2022-02-26T11:26:35.219;
732000;880;19105;0;1994;2022-02-26T11:28:49.474;
733000;879;18916;0;1934;2022-02-26T11:31:01.526;
734000;895;18607;0;1689;2022-02-26T11:33:15.187;
735000;899;19031;0;1615;2022-02-26T11:35:29.239;
736000;883;18738;0;1739;2022-02-26T11:37:39.323;
737000;875;18756;0;2142;2022-02-26T11:39:51.500;
738000;896;18727;0;1596;2022-02-26T11:42:05.755;
739000;885;18950;0;1709;2022-02-26T11:44:17.589;
740000;889;18995;0;1622;2022-02-26T11:46:30.922;
741000;867;18578;0;2114;2022-02-26T11:48:40.787;
742000;876;18992;0;1821;2022-02-26T11:51:00.349;
743000;864;18707;0;1708;2022-02-26T11:53:10.964;
744000;889;18780;0;1869;2022-02-26T11:55:22.454;
745000;896;18864;0;1455;2022-02-26T11:57:34.694;
746000;872;18813;0;2180;2022-02-26T11:59:49.339;
747000;885;18873;0;1931;2022-02-26T12:02:01.563;
748000;867;18633;0;2302;2022-02-26T12:04:12.116;
749000;890;18418;0;2013;2022-02-26T12:06:21.559;
750000;867;18438;0;1824;2022-02-26T12:08:32.049;
751000;889;18969;0;1692;2022-02-26T12:10:43.992;
752000;877;18630;0;2185;2022-02-26T12:12:53.857;
753000;888;18833;0;1738;2022-02-26T12:15:08.846;
754000;882;18745;0;2166;2022-02-26T12:17:20.086;
755000;884;18974;0;2157;2022-02-26T12:19:33.138;
756000;886;18703;0;1901;2022-02-26T12:21:44.644;
757000;890;18878;0;1840;2022-02-26T12:23:57.665;
758000;881;18596;0;2136;2022-02-26T12:26:09.748;
759000;897;18582;0;1797;2022-02-26T12:28:18.988;
760000;875;18289;0;1862;2022-02-26T12:30:28.760;
761000;879;18402;0;1750;2022-02-26T12:32:38.453;
762000;882;18610;0;1686;2022-02-26T12:34:47.880;
763000;881;18866;0;1900;2022-02-26T12:37:00.886;
764000;874;19068;0;2148;2022-02-26T12:39:16.469;
765000;877;18508;0;2234;2022-02-26T12:41:25.490;
766000;869;18733;0;1726;2022-02-26T12:43:35.590;
767000;880;19006;0;2268;2022-02-26T12:45:50.392;
768000;876;18501;0;2144;2022-02-26T12:48:00.882;
769000;876;18567;0;2412;2022-02-26T12:50:09.215;
770000;873;18319;0;2119;2022-02-26T12:52:20.237;
771000;893;19172;0;1674;2022-02-26T12:54:35.476;
772000;872;18687;0;2127;2022-02-26T12:56:45.716;
773000;896;18847;0;1586;2022-02-26T12:58:58.175;
774000;894;19232;0;1818;2022-02-26T13:01:12.008;
775000;871;18934;0;1885;2022-02-26T13:03:26.810;
776000;886;18379;0;1934;2022-02-26T13:05:36.754;
777000;879;18792;0;2224;2022-02-26T13:07:48.994;
778000;870;18442;0;2246;2022-02-26T13:09:59.077;
779000;881;18853;0;1764;2022-02-26T13:12:14.098;
780000;876;18569;0;1922;2022-02-26T13:14:22.088;
781000;880;18472;0;2145;2022-02-26T13:16:31.375;
782000;869;18612;0;2164;2022-02-26T13:18:41.100;
783000;875;18240;0;2252;2022-02-26T13:20:52.324;
784000;873;18676;0;2152;2022-02-26T13:23:02.283;
785000;888;18597;0;2421;2022-02-26T13:25:12.585;
786000;873;18126;0;2162;2022-02-26T13:27:21.357;
787000;881;18831;0;1935;2022-02-26T13:29:32.144;
788000;892;18751;0;1829;2022-02-26T13:31:44.118;
789000;862;18814;0;2029;2022-02-26T13:33:57.608;
790000;897;18575;0;1517;2022-02-26T13:36:07.645;
791000;903;19336;0;1671;2022-02-26T13:38:23.931;
792000;868;18370;0;2200;2022-02-26T13:40:32.562;
793000;888;19119;0;1637;2022-02-26T13:42:47.567;
794000;884;18523;0;2369;2022-02-26T13:44:56.714;
795000;881;18853;0;2040;2022-02-26T13:47:08.688;
796000;887;19014;0;1882;2022-02-26T13:49:22.818;
797000;879;18795;0;2041;2022-02-26T13:51:37.199;
798000;882;18765;0;2260;2022-02-26T13:53:48.892;
799000;881;18991;0;1792;2022-02-26T13:56:01.272;
800000;886;18727;0;1937;2022-02-26T13:58:12.841;
801000;874;18753;0;2160;2022-02-26T14:00:26.330;
802000;893;18683;0;2030;2022-02-26T14:02:38.018;
803000;906;18907;0;1507;2022-02-26T14:04:49.603;
804000;883;19012;0;1451;2022-02-26T14:07:03.437;
805000;893;18541;0;2022;2022-02-26T14:09:15.241;
806000;883;18829;0;2043;2022-02-26T14:11:28.325;
807000;890;19064;0;1687;2022-02-26T14:13:41.989;
808000;880;18825;0;2051;2022-02-26T14:15:53.106;
809000;869;18791;0;2041;2022-02-26T14:18:04.770;
810000;885;19004;0;1887;2022-02-26T14:20:20.355;
811000;893;18940;0;2020;2022-02-26T14:22:34.207;
812000;886;18812;0;1814;2022-02-26T14:24:44.340;
813000;874;18632;0;2195;2022-02-26T14:26:54.052;
814000;896;18826;0;1543;2022-02-26T14:29:08.858;
815000;884;18680;0;2221;2022-02-26T14:31:20.351;
816000;867;18718;0;2157;2022-02-26T14:33:32.548;
817000;885;18750;0;1899;2022-02-26T14:35:44.026;
818000;878;18552;0;1993;2022-02-26T14:37:56.707;
819000;877;18545;0;2052;2022-02-26T14:40:05.702;
820000;888;18996;0;1816;2022-02-26T14:42:18.946;
821000;882;18319;0;2055;2022-02-26T14:44:28.972;
822000;876;18876;0;2334;2022-02-26T14:46:41.076;
823000;881;18973;0;1734;2022-02-26T14:48:55.258;
824000;873;18530;0;2346;2022-02-26T14:51:04.753;
825000;877;18582;0;2053;2022-02-26T14:53:17.014;
826000;891;19106;0;1754;2022-02-26T14:55:31.541;
827000;876;18993;0;2209;2022-02-26T14:57:44.614;
828000;881;18584;0;1994;2022-02-26T14:59:54.344;
829000;885;19105;0;1967;2022-02-26T15:02:08.043;
830000;886;18900;0;1515;2022-02-26T15:04:22.461;
831000;888;18939;0;1672;2022-02-26T15:06:37.675;
832000;879;18721;0;1989;2022-02-26T15:08:49.500;
833000;879;18606;0;1791;2022-02-26T15:10:58.668;
834000;892;18883;0;1721;2022-02-26T15:13:11.431;
835000;892;18346;0;2192;2022-02-26T15:15:21.678;
836000;881;18700;0;2122;2022-02-26T15:17:33.050;
837000;906;19247;0;1339;2022-02-26T15:19:49.468;
838000;896;19108;0;1856;2022-02-26T15:22:03.496;
839000;884;18465;0;2170;2022-02-26T15:24:14.291;
840000;880;18729;0;1868;2022-02-26T15:26:26.741;
841000;896;18753;0;1652;2022-02-26T15:28:37.458;
842000;893;18760;0;1558;2022-02-26T15:30:48.049;
843000;894;18573;0;1847;2022-02-26T15:33:01.141;
844000;881;18818;0;1915;2022-02-26T15:35:11.467;
845000;896;18642;0;1978;2022-02-26T15:37:22.700;
846000;882;18925;0;2024;2022-02-26T15:39:36.354;
847000;879;18735;0;2113;2022-02-26T15:41:47.540;
848000;886;18789;0;2005;2022-02-26T15:44:00.023;
849000;885;18977;0;1804;2022-02-26T15:46:12.615;
850000;870;18403;0;2180;2022-02-26T15:48:24.380;
851000;880;19044;0;2407;2022-02-26T15:50:37.863;
852000;896;18804;0;2004;2022-02-26T15:52:50.018;
853000;886;18971;0;2186;2022-02-26T15:55:04.345;
854000;862;19025;0;2074;2022-02-26T15:57:18.890;
855000;905;18696;0;1530;2022-02-26T15:59:31.811;
856000;881;18877;0;1695;2022-02-26T16:01:45.420;
857000;875;18803;0;1868;2022-02-26T16:03:56.810;
858000;867;18290;0;2256;2022-02-26T16:06:04.388;
859000;887;18674;0;1865;2022-02-26T16:08:17.779;
860000;879;18490;0;1742;2022-02-26T16:10:26.763;
861000;885;18685;0;1801;2022-02-26T16:12:37.591;
862000;892;18727;0;1663;2022-02-26T16:14:50.732;
863000;876;18736;0;2142;2022-02-26T16:17:02.091;
864000;879;18948;0;2071;2022-02-26T16:19:15.560;
865000;873;18490;0;1606;2022-02-26T16:21:24.357;
866000;885;18697;0;1710;2022-02-26T16:23:38.420;
867000;872;18537;0;2383;2022-02-26T16:25:48.967;
868000;876;18741;0;1900;2022-02-26T16:28:00.827;
869000;890;18996;0;1508;2022-02-26T16:30:12.828;
870000;885;19157;0;2075;2022-02-26T16:32:28.391;
871000;892;18890;0;1724;2022-02-26T16:34:42.891;
872000;882;18856;0;1772;2022-02-26T16:36:55.251;
873000;881;18616;0;2014;2022-02-26T16:39:05.206;
874000;887;19048;0;1856;2022-02-26T16:41:17.863;
875000;877;18936;0;1891;2022-02-26T16:43:33.020;
876000;866;18134;0;2787;2022-02-26T16:45:39.599;
877000;891;18800;0;2060;2022-02-26T16:47:51.085;
878000;885;18914;0;1773;2022-02-26T16:50:04.805;
879000;889;18396;0;2335;2022-02-26T16:52:13.119;
880000;856;18834;0;1840;2022-02-26T16:54:25.683;
881000;887;18725;0;1874;2022-02-26T16:56:37.669;
882000;896;18796;0;1929;2022-02-26T16:58:51.670;
883000;893;19288;0;1795;2022-02-26T17:01:06.781;
884000;885;18625;0;1893;2022-02-26T17:03:16.080;
885000;887;18700;0;1887;2022-02-26T17:05:27.347;
886000;884;18723;0;1768;2022-02-26T17:07:40.536;
887000;878;18563;0;2306;2022-02-26T17:09:51.257;
888000;883;18786;0;1628;2022-02-26T17:12:02.806;
889000;867;18447;0;2286;2022-02-26T17:14:14.167;
890000;890;18889;0;1551;2022-02-26T17:16:26.482;
891000;882;18532;0;1979;2022-02-26T17:18:34.656;
892000;864;18826;0;2464;2022-02-26T17:20:48.190;
893000;879;18527;0;1974;2022-02-26T17:23:00.614;
894000;883;18420;0;1880;2022-02-26T17:25:08.991;
895000;884;18546;0;2291;2022-02-26T17:27:19.228;
896000;886;18618;0;1921;2022-02-26T17:29:31.262;
897000;868;18676;0;2130;2022-02-26T17:31:41.546;
898000;879;18993;0;1819;2022-02-26T17:33:53.501;
899000;876;18999;0;1879;2022-02-26T17:36:07.941;
900000;877;18940;0;1760;2022-02-26T17:38:23.178;
901000;889;18924;0;1577;2022-02-26T17:40:36.430;
902000;885;18878;0;2106;2022-02-26T17:42:47.371;
903000;878;18581;0;1912;2022-02-26T17:44:56.920;
904000;895;18780;0;1398;2022-02-26T17:47:10.314;
905000;863;19065;0;2294;2022-02-26T17:49:24.269;
906000;875;19061;0;1872;2022-02-26T17:51:37.319;
907000;879;18859;0;1741;2022-02-26T17:53:48.072;
908000;876;18450;0;2105;2022-02-26T17:55:59.638;
909000;875;19018;0;2266;2022-02-26T17:58:13.437;
910000;886;18835;0;2103;2022-02-26T18:00:25.753;
911000;897;18544;0;1884;2022-02-26T18:02:35.069;
912000;879;18617;0;1873;2022-02-26T18:04:46.963;
913000;889;18886;0;1378;2022-02-26T18:06:58.481;
914000;881;18851;0;1574;2022-02-26T18:09:09.625;
915000;880;18908;0;1968;2022-02-26T18:11:23.160;
916000;885;18867;0;2120;2022-02-26T18:13:37.288;
917000;884;18586;0;1928;2022-02-26T18:15:46.229;
918000;900;18786;0;1596;2022-02-26T18:17:56.201;
919000;895;18851;0;1928;2022-02-26T18:20:10.267;
920000;897;18817;0;1904;2022-02-26T18:22:23.348;
921000;883;18629;0;2231;2022-02-26T18:24:33.883;
922000;873;18537;0;2352;2022-02-26T18:26:43.200;
923000;887;18797;0;1793;2022-02-26T18:28:57.500;
924000;879;18422;0;2040;2022-02-26T18:31:06.519;
925000;884;19113;0;1847;2022-02-26T18:33:19.429;
926000;871;18625;0;2279;2022-02-26T18:35:30.823;
927000;893;18742;0;1912;2022-02-26T18:37:45.577;
928000;878;18751;0;2380;2022-02-26T18:39:57.018;
929000;890;19007;0;2090;2022-02-26T18:42:10.334;
930000;884;18856;0;1966;2022-02-26T18:44:23.432;
931000;899;18731;0;1556;2022-02-26T18:46:35.654;
932000;893;18620;0;1815;2022-02-26T18:48:49.330;
933000;883;18796;0;1974;2022-02-26T18:51:00.021;
934000;887;18923;0;1343;2022-02-26T18:53:12.244;
935000;880;18574;0;1824;2022-02-26T18:55:24.045;
936000;881;19015;0;1991;2022-02-26T18:57:39.736;
937000;894;18925;0;1554;2022-02-26T18:59:53.552;
938000;892;18700;0;1662;2022-02-26T19:02:02.885;
939000;875;18489;0;2706;2022-02-26T19:04:12.951;
940000;888;18729;0;1801;2022-02-26T19:06:24.815;
941000;887;18968;0;1966;2022-02-26T19:08:38.381;
942000;883;18460;0;1936;2022-02-26T19:10:46.401;
943000;873;18666;0;2016;2022-02-26T19:13:00.499;
944000;876;18882;0;2118;2022-02-26T19:15:12.925;
945000;882;19015;0;1957;2022-02-26T19:17:24.507;
946000;901;18869;0;1590;2022-02-26T19:19:36.996;
947000;898;18897;0;1584;2022-02-26T19:21:53.762;
948000;867;18582;0;2354;2022-02-26T19:24:04.875;
949000;893;19021;0;1565;2022-02-26T19:26:20.028;
950000;901;19167;0;1645;2022-02-26T19:28:34.837;
951000;871;18813;0;1926;2022-02-26T19:30:47.397;
952000;901;18740;0;1746;2022-02-26T19:33:02.051;
953000;868;18498;0;2109;2022-02-26T19:35:11.346;
954000;889;19110;0;1728;2022-02-26T19:37:25.109;
955000;902;18881;0;1656;2022-02-26T19:39:39.950;
956000;894;19076;0;1714;2022-02-26T19:41:56.260;
957000;895;18800;0;1603;2022-02-26T19:44:08.727;
958000;893;18934;0;1550;2022-02-26T19:46:23.943;
959000;894;19172;0;1809;2022-02-26T19:48:38.019;
960000;892;19113;0;2131;2022-02-26T19:50:53.267;
961000;895;18651;0;1983;2022-02-26T19:53:06.499;
962000;885;18861;0;2198;2022-02-26T19:55:17.919;
963000;901;18867;0;1781;2022-02-26T19:57:30.542;
964000;874;18581;0;1802;2022-02-26T19:59:42.258;
965000;901;18663;0;1441;2022-02-26T20:01:52.178;
966000;889;19044;0;1673;2022-02-26T20:04:04.864;
967000;886;18688;0;1917;2022-02-26T20:06:18.955;
968000;882;18749;0;1682;2022-02-26T20:08:29.766;
969000;879;19001;0;1994;2022-02-26T20:10:43.185;
970000;875;18582;0;1781;2022-02-26T20:12:55.637;
971000;895;18868;0;1630;2022-02-26T20:15:10.135;
972000;879;18825;0;1801;2022-02-26T20:17:21.789;
973000;902;19047;0;1457;2022-02-26T20:19:35.037;
974000;878;18270;0;2269;2022-02-26T20:21:46.456;
975000;891;18748;0;1674;2022-02-26T20:23:57.289;
976000;887;18793;0;1664;2022-02-26T20:26:08.250;
977000;900;18621;0;1576;2022-02-26T20:28:20.748;
978000;882;18845;0;2082;2022-02-26T20:30:31.730;
979000;897;18807;0;1446;2022-02-26T20:32:43.447;
980000;888;18982;0;1639;2022-02-26T20:34:59.039;
981000;887;18853;0;1712;2022-02-26T20:37:12.209;
982000;895;19163;0;1664;2022-02-26T20:39:26.551;
983000;907;18709;0;1537;2022-02-26T20:41:37.861;
984000;892;18621;0;1665;2022-02-26T20:43:51.625;
985000;879;18793;0;2363;2022-02-26T20:46:02.672;
986000;879;18927;0;2000;2022-02-26T20:48:13.974;
987000;887;18747;0;1948;2022-02-26T20:50:28.650;
988000;898;18994;0;1599;2022-02-26T20:52:42.265;
989000;884;18884;0;1976;2022-02-26T20:54:54.629;
990000;881;18810;0;1819;2022-02-26T20:57:05.806;
991000;874;18523;0;2057;2022-02-26T20:59:17.639;
992000;880;18829;0;2117;2022-02-26T21:01:29.347;
993000;905;19046;0;1198;2022-02-26T21:03:41.899;
994000;888;18773;0;1853;2022-02-26T21:05:52.435;
995000;895;18541;0;1482;2022-02-26T21:08:05.534;
996000;886;18810;0;1715;2022-02-26T21:10:16.601;
997000;890;18754;0;1992;2022-02-26T21:12:26.747;
998000;885;18754;0;1820;2022-02-26T21:14:39.737;
999000;881;18706;0;1637;2022-02-26T21:16:49.351;
1000000;875;18480;0;2215;2022-02-26T21:18:57.481;
1001000;888;18511;0;1695;2022-02-26T21:21:10.330;
1002000;876;18544;0;1930;2022-02-26T21:23:17.133;
1003000;891;18628;0;1523;2022-02-26T21:25:28.950;
1004000;881;18823;0;1990;2022-02-26T21:27:42.565;
1005000;880;18603;0;2011;2022-02-26T21:29:52.242;
1006000;880;18632;0;2281;2022-02-26T21:32:01.716;
1007000;875;18688;0;2275;2022-02-26T21:34:15.752;
1008000;886;18847;0;2070;2022-02-26T21:36:26.117;
1009000;876;18547;0;2176;2022-02-26T21:38:34.981;
1010000;893;18727;0;1877;2022-02-26T21:40:48.971;
1011000;885;18732;0;1707;2022-02-26T21:43:00.257;
1012000;877;18701;0;2034;2022-02-26T21:45:10.700;
1013000;885;18735;0;2340;2022-02-26T21:47:23.314;
1014000;872;18568;0;2161;2022-02-26T21:49:34.976;
1015000;889;19014;0;1735;2022-02-26T21:51:47.575;
1016000;880;18485;0;2207;2022-02-26T21:53:56.143;
1017000;890;19092;0;1462;2022-02-26T21:56:11.554;
1018000;884;18845;0;1461;2022-02-26T21:58:24.293;
1019000;878;18832;0;1882;2022-02-26T22:00:35.221;
1020000;864;18309;0;2148;2022-02-26T22:02:44.382;
1021000;883;18704;0;2226;2022-02-26T22:04:57.544;
1022000;888;18906;0;1795;2022-02-26T22:07:09.502;
1023000;881;18555;0;1889;2022-02-26T22:09:18.914;
1024000;878;18856;0;1949;2022-02-26T22:11:32.466;
1025000;890;18634;0;1985;2022-02-26T22:13:43.377;
1026000;891;18568;0;1880;2022-02-26T22:15:53.289;
1027000;903;18812;0;1741;2022-02-26T22:18:04.435;
1028000;894;19354;0;1462;2022-02-26T22:20:20.830;
1029000;871;18373;0;2318;2022-02-26T22:22:30.961;
1030000;899;18957;0;1789;2022-02-26T22:24:43.310;
1031000;892;18607;0;1829;2022-02-26T22:26:53.159;
1032000;902;18707;0;1781;2022-02-26T22:29:07.133;
1033000;890;19009;0;1826;2022-02-26T22:31:19.513;
1034000;878;18604;0;1915;2022-02-26T22:33:29.019;
1035000;862;18578;0;2212;2022-02-26T22:35:40.430;
1036000;895;18616;0;1597;2022-02-26T22:37:51.998;
1037000;901;18750;0;1701;2022-02-26T22:40:02.238;
1038000;906;19272;0;1196;2022-02-26T22:42:17.634;
1039000;891;18944;0;1857;2022-02-26T22:44:30.436;
1040000;884;18937;0;1931;2022-02-26T22:46:45.175;
1041000;881;18595;0;1966;2022-02-26T22:48:55.650;
1042000;889;18820;0;1778;2022-02-26T22:51:06.968;
1043000;885;18908;0;1821;2022-02-26T22:53:22.764;
1044000;870;18773;0;1805;2022-02-26T22:55:37.159;
1045000;882;18588;0;1837;2022-02-26T22:57:47.087;
1046000;896;18713;0;1735;2022-02-26T22:59:58.592;
1047000;888;18675;0;1979;2022-02-26T23:02:10.582;
1048000;893;18675;0;1759;2022-02-26T23:04:24.681;
1049000;888;18847;0;1792;2022-02-26T23:06:37.374;
1050000;896;19068;0;1638;2022-02-26T23:08:50.967;
1051000;884;18536;0;1775;2022-02-26T23:11:00.035;
1052000;899;18642;0;1323;2022-02-26T23:13:11.494;
1053000;903;19158;0;1325;2022-02-26T23:15:26.906;
1054000;896;19234;0;1681;2022-02-26T23:17:41.115;
1055000;909;19341;0;1481;2022-02-26T23:19:57.902;
1056000;885;19131;0;2099;2022-02-26T23:22:11.846;
1057000;881;18598;0;2291;2022-02-26T23:24:22.447;
1058000;900;19018;0;1562;2022-02-26T23:26:37.845;
1059000;890;18694;0;1530;2022-02-26T23:28:49.368;
1060000;902;18865;0;1701;2022-02-26T23:31:00.376;
1061000;876;18822;0;2002;2022-02-26T23:33:12.040;
1062000;878;18964;0;2042;2022-02-26T23:35:27.782;
1063000;894;18858;0;1720;2022-02-26T23:37:40.384;
1064000;895;18782;0;1817;2022-02-26T23:39:51.737;
1065000;887;18804;0;2041;2022-02-26T23:42:02.746;
1066000;891;18819;0;1811;2022-02-26T23:44:17.520;
1067000;894;18884;0;1890;2022-02-26T23:46:30.982;
1068000;893;18622;0;1786;2022-02-26T23:48:40.555;
1069000;890;18796;0;1676;2022-02-26T23:50:51.533;
1070000;880;18668;0;1943;2022-02-26T23:53:06.058;
1071000;896;18836;0;1916;2022-02-26T23:55:18.943;
1072000;889;18584;0;2010;2022-02-26T23:57:28.828;
1073000;901;18988;0;1631;2022-02-26T23:59:42.136;
1074000;890;18877;0;2063;2022-02-27T00:01:56.005;
1075000;864;18994;0;1877;2022-02-27T00:04:11.265;
1076000;889;18749;0;2164;2022-02-27T00:06:22.480;
1077000;887;18967;0;1653;2022-02-27T00:08:35.006;
1078000;896;18889;0;1599;2022-02-27T00:10:46.221;
1079000;881;18790;0;1886;2022-02-27T00:13:00.450;
1080000;905;18820;0;1582;2022-02-27T00:15:13.228;
1081000;898;19083;0;1597;2022-02-27T00:17:26.333;
1082000;880;18622;0;2116;2022-02-27T00:19:36.829;
1083000;872;18809;0;2108;2022-02-27T00:21:49.794;
1084000;885;18532;0;2262;2022-02-27T00:23:59.104;
1085000;870;18481;0;2364;2022-02-27T00:26:07.726;
1086000;900;19272;0;1673;2022-02-27T00:28:23.613;
1087000;900;18939;0;2043;2022-02-27T00:30:39;
1088000;883;18671;0;2133;2022-02-27T00:32:50.435;
1089000;874;18690;0;2006;2022-02-27T00:35:01.557;
1090000;894;18565;0;1428;2022-02-27T00:37:11.711;
1091000;890;18998;0;1868;2022-02-27T00:39:26.302;
1092000;891;18764;0;1647;2022-02-27T00:41:36.331;
1093000;890;18913;0;1785;2022-02-27T00:43:49.141;
1094000;888;18898;0;1493;2022-02-27T00:46:01.436;
1095000;888;18792;0;1903;2022-02-27T00:48:15.590;
1096000;876;18706;0;2142;2022-02-27T00:50:25.885;
1097000;894;18833;0;1898;2022-02-27T00:52:36.305;
1098000;886;19044;0;1853;2022-02-27T00:54:50.288;
1099000;893;19108;0;1875;2022-02-27T00:57:06.067;
1100000;886;19029;0;1916;2022-02-27T00:59:19.988;
1101000;889;18911;0;1866;2022-02-27T01:01:33.049;
1102000;895;18737;0;1883;2022-02-27T01:03:46.783;
1103000;881;18186;0;2347;2022-02-27T01:05:56.705;
1104000;898;18624;0;1566;2022-02-27T01:08:07.704;
1105000;902;19053;0;1551;2022-02-27T01:10:21.265;
1106000;885;18854;0;2305;2022-02-27T01:12:33.015;
1107000;889;18863;0;1818;2022-02-27T01:14:47.729;
1108000;888;18769;0;1916;2022-02-27T01:17:01.619;
1109000;890;18921;0;1858;2022-02-27T01:19:14.415;
1110000;886;18798;0;1837;2022-02-27T01:21:24.790;
1111000;888;18486;0;2068;2022-02-27T01:23:35.368;
1112000;893;18825;0;1935;2022-02-27T01:25:46.430;
1113000;891;18835;0;1915;2022-02-27T01:27:57.727;
1114000;899;18908;0;1595;2022-02-27T01:30:11.196;
1115000;893;18571;0;1705;2022-02-27T01:32:20.712;
1116000;899;19316;0;1518;2022-02-27T01:34:35.790;
1117000;883;18493;0;1947;2022-02-27T01:36:45.447;
1118000;884;18547;0;1938;2022-02-27T01:38:55.947;
1119000;899;18865;0;1583;2022-02-27T01:41:07.823;
1120000;885;18899;0;2131;2022-02-27T01:43:18.246;
1121000;908;19011;0;1356;2022-02-27T01:45:33.418;
1122000;897;18812;0;1505;2022-02-27T01:47:45.413;
1123000;903;18699;0;1445;2022-02-27T01:49:55.484;
1124000;884;18495;0;2119;2022-02-27T01:52:07.375;
1125000;897;18953;0;2122;2022-02-27T01:54:18.783;
1126000;909;18879;0;1450;2022-02-27T01:56:29.800;
1127000;883;18614;0;1423;2022-02-27T01:58:42.004;
1128000;875;18559;0;2144;2022-02-27T02:00:50.724;
1129000;881;18802;0;1750;2022-02-27T02:03:02.116;
1130000;893;18702;0;2034;2022-02-27T02:05:14.836;
1131000;900;19076;0;1903;2022-02-27T02:07:31.171;
1132000;894;18678;0;1802;2022-02-27T02:09:40.704;
1133000;888;18798;0;1639;2022-02-27T02:11:52.253;
1134000;889;18605;0;1826;2022-02-27T02:14:05.848;
1135000;884;18745;0;1741;2022-02-27T02:16:16.881;
1136000;872;18386;0;2341;2022-02-27T02:18:23.758;
1137000;898;18898;0;1406;2022-02-27T02:20:38.385;
1138000;900;19070;0;2200;2022-02-27T02:22:53.011;
1139000;897;18652;0;2057;2022-02-27T02:25:01.826;
1140000;896;18444;0;1904;2022-02-27T02:27:11.328;
1141000;879;18700;0;2107;2022-02-27T02:29:22.534;
1142000;891;19200;0;1762;2022-02-27T02:31:38.535;
1143000;884;19070;0;1803;2022-02-27T02:33:51.944;
1144000;879;18971;0;1654;2022-02-27T02:36:05.039;
1145000;892;18624;0;1968;2022-02-27T02:38:16.339;
1146000;892;18913;0;2298;2022-02-27T02:40:31.075;
1147000;889;19008;0;2028;2022-02-27T02:42:44.874;
1148000;899;18757;0;1692;2022-02-27T02:44:55.220;
1149000;887;18969;0;2001;2022-02-27T02:47:07.879;
1150000;864;18446;0;1853;2022-02-27T02:49:19.944;
1151000;885;18516;0;2192;2022-02-27T02:51:28.775;
1152000;883;18736;0;1850;2022-02-27T02:53:39.231;
1153000;875;18955;0;2222;2022-02-27T02:55:52.937;
1154000;895;18833;0;1640;2022-02-27T02:58:05.377;
1155000;905;19032;0;1530;2022-02-27T03:00:17.051;
1156000;889;18677;0;2071;2022-02-27T03:02:26.711;
1157000;885;18844;0;1888;2022-02-27T03:04:41.307;
1158000;876;18360;0;1913;2022-02-27T03:06:54.310;
1159000;881;18650;0;2305;2022-02-27T03:09:04.297;
1160000;890;18599;0;1769;2022-02-27T03:11:17.722;
1161000;902;18757;0;1436;2022-02-27T03:13:28.881;
1162000;900;18936;0;1522;2022-02-27T03:15:40.338;
1163000;866;18687;0;2191;2022-02-27T03:17:52.044;
1164000;877;18740;0;2119;2022-02-27T03:20:06.360;
1165000;888;19130;0;1637;2022-02-27T03:22:21.191;
1166000;882;18805;0;1711;2022-02-27T03:24:32.929;
1167000;892;18774;0;2015;2022-02-27T03:26:42.760;
1168000;893;18842;0;1608;2022-02-27T03:28:56.451;
1169000;885;18583;0;1734;2022-02-27T03:31:07.033;
1170000;888;18555;0;1879;2022-02-27T03:33:15.896;
1171000;879;18619;0;1573;2022-02-27T03:35:28.462;
1172000;900;18935;0;1666;2022-02-27T03:37:42.465;
1173000;896;18820;0;1980;2022-02-27T03:39:53.906;
1174000;881;18682;0;1881;2022-02-27T03:42:02.801;
1175000;878;18477;0;2049;2022-02-27T03:44:14.430;
1176000;876;19166;0;2045;2022-02-27T03:46:28.964;
1177000;879;18823;0;2085;2022-02-27T03:48:40.265;
1178000;890;18784;0;1769;2022-02-27T03:50:52.581;
1179000;887;19004;0;1789;2022-02-27T03:53:07.147;
1180000;888;18384;0;1615;2022-02-27T03:55:17.557;
1181000;906;18714;0;1716;2022-02-27T03:57:29.483;
1182000;882;18949;0;1949;2022-02-27T03:59:41.565;
1183000;881;18863;0;2140;2022-02-27T04:01:55.428;
1184000;887;18854;0;1912;2022-02-27T04:04:09.010;
1185000;898;18692;0;1724;2022-02-27T04:06:18.936;
1186000;905;18894;0;1474;2022-02-27T04:08:30.331;
1187000;885;18599;0;2084;2022-02-27T04:10:42.975;
1188000;890;18620;0;1895;2022-02-27T04:12:55.386;
1189000;886;18428;0;2257;2022-02-27T04:15:03.406;
1190000;885;19070;0;2011;2022-02-27T04:17:16.785;
1191000;889;18813;0;2003;2022-02-27T04:19:30.976;
1192000;892;18799;0;1654;2022-02-27T04:21:45.418;
1193000;888;18808;0;1669;2022-02-27T04:23:55.953;
1194000;913;19082;0;1324;2022-02-27T04:26:09.988;
1195000;874;18510;0;1998;2022-02-27T04:28:20.211;
1196000;870;18254;0;2315;2022-02-27T04:30:30.013;
1197000;885;18667;0;1923;2022-02-27T04:32:39.517;
1198000;908;18833;0;1530;2022-02-27T04:34:52.131;
1199000;886;19129;0;1872;2022-02-27T04:37:07.854;
1200000;882;19021;0;1890;2022-02-27T04:39:22.623;
1201000;882;18930;0;2056;2022-02-27T04:41:35.706;
1202000;875;18919;0;2130;2022-02-27T04:43:47.866;
1203000;900;19320;0;1643;2022-02-27T04:46:03.870;
1204000;903;18896;0;1224;2022-02-27T04:48:15.031;
1205000;883;18537;0;1853;2022-02-27T04:50:28.004;
1206000;888;18584;0;1754;2022-02-27T04:52:37.367;
1207000;885;18818;0;1910;2022-02-27T04:54:48.581;
1208000;892;19115;0;1411;2022-02-27T04:57:03.278;
1209000;885;19063;0;1692;2022-02-27T04:59:18.757;
1210000;898;18574;0;1942;2022-02-27T05:01:30.112;
1211000;883;19114;0;1662;2022-02-27T05:03:44.294;
1212000;907;19197;0;1465;2022-02-27T05:05:58.696;
1213000;878;18370;0;2197;2022-02-27T05:08:07.864;
1214000;887;18530;0;1984;2022-02-27T05:10:19.188;
1215000;891;18919;0;1841;2022-02-27T05:12:31.090;
1216000;904;18992;0;1563;2022-02-27T05:14:45.055;
1217000;879;18599;0;2276;2022-02-27T05:16:56.442;
1218000;879;18642;0;2206;2022-02-27T05:19:08.548;
1219000;889;18755;0;1799;2022-02-27T05:21:19.420;
1220000;894;18964;0;1787;2022-02-27T05:23:33.120;
1221000;875;18934;0;2459;2022-02-27T05:25:45.882;
1222000;909;19037;0;1639;2022-02-27T05:28:01.254;
1223000;886;18550;0;2199;2022-02-27T05:30:12.501;
1224000;873;18529;0;2234;2022-02-27T05:32:21.952;
1225000;908;18583;0;1296;2022-02-27T05:34:32.793;
1226000;889;18563;0;2167;2022-02-27T05:36:44.432;
1227000;894;19122;0;1874;2022-02-27T05:38:59.179;
1228000;880;18748;0;1690;2022-02-27T05:41:09.037;
1229000;855;18486;0;2470;2022-02-27T05:43:20.597;
1230000;895;18727;0;2042;2022-02-27T05:45:34.189;
1231000;893;18871;0;1921;2022-02-27T05:47:45.312;
1232000;899;18630;0;1659;2022-02-27T05:49:56.920;
1233000;893;18680;0;2219;2022-02-27T05:52:08.403;
1234000;883;18136;0;2237;2022-02-27T05:54:15.887;
1235000;893;18933;0;1312;2022-02-27T05:56:28.557;
1236000;901;18930;0;1515;2022-02-27T05:58:41.119;
1237000;901;19350;0;1573;2022-02-27T06:00:57.492;
1238000;893;19251;0;2161;2022-02-27T06:03:13.303;
1239000;898;18903;0;1603;2022-02-27T06:05:25.677;
1240000;878;18939;0;1935;2022-02-27T06:07:36.880;
1241000;867;18708;0;1849;2022-02-27T06:09:48.051;
1242000;890;18641;0;1793;2022-02-27T06:12:01.722;
1243000;887;19056;0;1471;2022-02-27T06:14:16.003;
1244000;887;18255;0;2235;2022-02-27T06:16:22.487;
1245000;881;18871;0;1933;2022-02-27T06:18:36.253;
1246000;885;18577;0;1917;2022-02-27T06:20:48.706;
1247000;885;18385;0;1668;2022-02-27T06:22:56.081;
1248000;885;18612;0;1771;2022-02-27T06:25:07.956;
1249000;878;19164;0;2183;2022-02-27T06:27:23.034;
1250000;892;18451;0;1692;2022-02-27T06:29:33.597;
1251000;896;18466;0;1541;2022-02-27T06:31:41.207;
1252000;872;18409;0;2311;2022-02-27T06:33:52.692;
1253000;897;18692;0;1585;2022-02-27T06:36:02.474;
1254000;909;19053;0;1488;2022-02-27T06:38:16.318;
1255000;877;18619;0;1783;2022-02-27T06:40:27.225;
1256000;883;18663;0;1874;2022-02-27T06:42:39.413;
1257000;897;18927;0;1632;2022-02-27T06:44:51.383;
1258000;889;18952;0;1655;2022-02-27T06:47:03.165;
1259000;897;19106;0;2012;2022-02-27T06:49:17.213;
1260000;903;19224;0;1339;2022-02-27T06:51:33.229;
1261000;898;19174;0;1577;2022-02-27T06:53:47.402;
1262000;903;18621;0;1887;2022-02-27T06:55:56.372;
1263000;878;19071;0;1674;2022-02-27T06:58:09.967;
1264000;903;18634;0;1432;2022-02-27T07:00:22.421;
1265000;871;18869;0;2437;2022-02-27T07:02:34.719;
1266000;881;18407;0;2159;2022-02-27T07:04:42.518;
1267000;890;18495;0;1643;2022-02-27T07:06:54.035;
1268000;880;18889;0;1979;2022-02-27T07:09:08.287;
1269000;892;19055;0;2010;2022-02-27T07:11:20.382;
1270000;887;18870;0;2138;2022-02-27T07:13:31.962;
1271000;884;18747;0;1768;2022-02-27T07:15:43.386;
1272000;907;19143;0;1563;2022-02-27T07:17:59.528;
1273000;898;18919;0;1797;2022-02-27T07:20:11.967;
1274000;886;18741;0;1655;2022-02-27T07:22:23.579;
1275000;900;18988;0;1501;2022-02-27T07:24:36.003;
1276000;909;18619;0;1689;2022-02-27T07:26:48.489;
1277000;905;18829;0;1444;2022-02-27T07:29:00.288;
1278000;876;18170;0;1858;2022-02-27T07:31:05.807;
1279000;882;18760;0;2268;2022-02-27T07:33:19.668;
1280000;875;18695;0;1650;2022-02-27T07:35:30.420;
1281000;896;19366;0;1854;2022-02-27T07:37:47.750;
1282000;888;18795;0;1668;2022-02-27T07:39:59.972;
1283000;890;18674;0;1661;2022-02-27T07:42:12.224;
1284000;891;18448;0;2310;2022-02-27T07:44:24.258;
1285000;888;18837;0;1766;2022-02-27T07:46:36.229;
1286000;881;18821;0;1972;2022-02-27T07:48:48.716;
1287000;866;18687;0;2353;2022-02-27T07:51:00.078;
1288000;907;19448;0;1670;2022-02-27T07:53:17.299;
1289000;894;18923;0;1930;2022-02-27T07:55:32.348;
1290000;891;18843;0;1712;2022-02-27T07:57:44.258;
1291000;882;18641;0;1983;2022-02-27T07:59:55.089;
1292000;880;18516;0;1997;2022-02-27T08:02:04.920;
1293000;899;18781;0;1693;2022-02-27T08:04:19.501;
1294000;865;18246;0;2566;2022-02-27T08:06:26.160;
1295000;886;18636;0;1753;2022-02-27T08:08:36.851;
1296000;884;19106;0;1844;2022-02-27T08:10:52.635;
1297000;883;18841;0;1725;2022-02-27T08:13:04.998;
1298000;903;18889;0;1542;2022-02-27T08:15:17.657;
1299000;892;18732;0;1706;2022-02-27T08:17:29.066;
1300000;895;18531;0;2090;2022-02-27T08:19:40.601;
1301000;881;18706;0;1782;2022-02-27T08:21:52.667;
1302000;891;18513;0;1712;2022-02-27T08:24:02.045;
1303000;875;18654;0;2095;2022-02-27T08:26:12.596;
1304000;886;18778;0;1771;2022-02-27T08:28:26.583;
1305000;912;18737;0;1509;2022-02-27T08:30:38.477;
1306000;884;18449;0;1756;2022-02-27T08:32:46.669;
1307000;876;19037;0;1943;2022-02-27T08:35:00.781;
1308000;881;18815;0;2148;2022-02-27T08:37:15.347;
1309000;904;18521;0;1727;2022-02-27T08:39:24.101;
1310000;881;18492;0;2042;2022-02-27T08:41:32.995;
1311000;900;19086;0;1698;2022-02-27T08:43:48.499;
1312000;882;18687;0;1616;2022-02-27T08:46:00.393;
1313000;904;18898;0;1580;2022-02-27T08:48:12.818;
1314000;880;18662;0;1937;2022-02-27T08:50:22.510;
1315000;885;18643;0;1808;2022-02-27T08:52:35.748;
1316000;896;18905;0;1583;2022-02-27T08:54:48.330;
1317000;865;18780;0;2137;2022-02-27T08:56:59.552;
1318000;886;18791;0;1778;2022-02-27T08:59:11.697;
1319000;883;18541;0;2141;2022-02-27T09:01:24.419;
1320000;893;18876;0;1760;2022-02-27T09:03:36.580;
1321000;873;18944;0;2300;2022-02-27T09:05:49.630;
1322000;897;19080;0;1961;2022-02-27T09:08:03.462;
1323000;894;18976;0;1533;2022-02-27T09:10:16.107;
1324000;889;18900;0;1617;2022-02-27T09:12:31.079;
1325000;899;18902;0;1458;2022-02-27T09:14:43.911;
1326000;883;18758;0;1965;2022-02-27T09:16:54.400;
1327000;888;18717;0;1508;2022-02-27T09:19:04.732;
1328000;909;19017;0;1794;2022-02-27T09:21:20.142;
1329000;896;19115;0;1563;2022-02-27T09:23:34.459;
1330000;889;18576;0;1894;2022-02-27T09:25:44.572;
1331000;878;18771;0;1847;2022-02-27T09:27:56.639;
1332000;906;18860;0;1405;2022-02-27T09:30:10.003;
1333000;896;18622;0;1753;2022-02-27T09:32:22.694;
1334000;882;18850;0;1773;2022-02-27T09:34:34.605;
1335000;882;18577;0;1875;2022-02-27T09:36:44.375;
1336000;892;18772;0;1955;2022-02-27T09:38:57.441;
1337000;877;18884;0;1904;2022-02-27T09:41:12.274;
1338000;897;18985;0;1766;2022-02-27T09:43:25.262;
1339000;890;19122;0;1552;2022-02-27T09:45:39.048;
1340000;885;18648;0;2203;2022-02-27T09:47:49.958;
1341000;884;18865;0;2122;2022-02-27T09:50:03.197;
1342000;884;18523;0;1914;2022-02-27T09:52:14.780;
1343000;889;18749;0;2016;2022-02-27T09:54:26.394;
1344000;882;18609;0;2095;2022-02-27T09:56:37.461;
1345000;885;19007;0;1794;2022-02-27T09:58:51.684;
1346000;894;18843;0;1606;2022-02-27T10:01:06.532;
1347000;869;19013;0;2067;2022-02-27T10:03:21.114;
1348000;893;18859;0;1837;2022-02-27T10:05:33.212;
1349000;890;19077;0;1702;2022-02-27T10:07:47.389;
1350000;900;18726;0;1659;2022-02-27T10:09:58.518;
1351000;889;18820;0;1939;2022-02-27T10:12:11.523;
1352000;880;18736;0;1777;2022-02-27T10:14:24.543;
1353000;895;18594;0;2088;2022-02-27T10:16:33.719;
1354000;884;18557;0;1818;2022-02-27T10:18:43.849;
1355000;886;18814;0;1847;2022-02-27T10:20:58.010;
1356000;910;18577;0;1726;2022-02-27T10:23:08.030;
1357000;892;18724;0;2271;2022-02-27T10:25:18.863;
1358000;888;18442;0;1584;2022-02-27T10:27:30.665;
1359000;898;18963;0;1460;2022-02-27T10:29:43.638;
1360000;886;18912;0;1872;2022-02-27T10:31:55.752;
1361000;892;18987;0;1798;2022-02-27T10:34:08.835;
1362000;879;18537;0;1973;2022-02-27T10:36:19.856;
1363000;902;19167;0;1835;2022-02-27T10:38:35.532;
1364000;902;19147;0;1686;2022-02-27T10:40:48.693;
1365000;883;18572;0;2192;2022-02-27T10:42:58.588;
1366000;889;18923;0;1991;2022-02-27T10:45:10.859;
1367000;906;18966;0;1829;2022-02-27T10:47:25.473;
1368000;873;18798;0;1949;2022-02-27T10:49:39.165;
1369000;898;19362;0;1917;2022-02-27T10:51:56.060;
1370000;897;19019;0;1545;2022-02-27T10:54:09.268;
1371000;904;18820;0;1294;2022-02-27T10:56:21.210;
1372000;890;18906;0;1882;2022-02-27T10:58:34.184;
1373000;866;18520;0;2404;2022-02-27T11:00:45.986;
1374000;891;18965;0;1772;2022-02-27T11:03:00.428;
1375000;905;19162;0;1295;2022-02-27T11:05:14.932;
1376000;892;18997;0;1803;2022-02-27T11:07:27.469;
1377000;899;18925;0;1492;2022-02-27T11:09:38.989;
1378000;867;18930;0;2005;2022-02-27T11:11:52.478;
1379000;893;19087;0;1415;2022-02-27T11:14:07.264;
1380000;892;18329;0;1924;2022-02-27T11:16:14.332;
1381000;885;18615;0;2040;2022-02-27T11:18:24.837;
1382000;891;18890;0;1719;2022-02-27T11:20:39.530;
1383000;885;18844;0;1933;2022-02-27T11:22:52.066;
1384000;889;18872;0;1938;2022-02-27T11:25:04.805;
1385000;907;19100;0;1774;2022-02-27T11:27:18.138;
1386000;877;18682;0;1975;2022-02-27T11:29:28.956;
1387000;905;18773;0;1472;2022-02-27T11:31:43.523;
1388000;895;19145;0;1499;2022-02-27T11:33:58.950;
1389000;901;18644;0;1570;2022-02-27T11:36:09.017;
1390000;896;18416;0;1673;2022-02-27T11:38:18.429;
1391000;890;18626;0;2042;2022-02-27T11:40:31.403;
1392000;891;18679;0;1915;2022-02-27T11:42:43.220;
1393000;894;19190;0;1566;2022-02-27T11:44:57.850;
1394000;887;19062;0;1591;2022-02-27T11:47:12.214;
1395000;895;19125;0;1903;2022-02-27T11:49:26.719;
1396000;888;18764;0;1823;2022-02-27T11:51:38.474;
1397000;902;19045;0;1629;2022-02-27T11:53:53.526;
1398000;891;18951;0;1827;2022-02-27T11:56:07.844;
1399000;878;18677;0;2260;2022-02-27T11:58:18.021;
1400000;878;18333;0;1920;2022-02-27T12:00:26.432;
1401000;901;19146;0;1738;2022-02-27T12:02:41.719;
1402000;900;18905;0;1289;2022-02-27T12:04:55.380;
1403000;886;18889;0;1979;2022-02-27T12:07:11.209;
1404000;892;19306;0;1864;2022-02-27T12:09:27.407;
1405000;891;18927;0;1983;2022-02-27T12:11:39.990;
1406000;881;18951;0;2134;2022-02-27T12:13:53.151;
1407000;883;18625;0;1937;2022-02-27T12:16:05.219;
1408000;892;18796;0;1682;2022-02-27T12:18:14.677;
1409000;881;18864;0;2335;2022-02-27T12:20:26.198;
1410000;885;18697;0;1756;2022-02-27T12:22:40.516;
1411000;899;19168;0;1849;2022-02-27T12:24:53.959;
1412000;888;18589;0;1810;2022-02-27T12:27:03.653;
1413000;909;18727;0;1613;2022-02-27T12:29:15.534;
1414000;887;18855;0;1919;2022-02-27T12:31:30.415;
1415000;894;18718;0;1638;2022-02-27T12:33:40.391;
1416000;876;18514;0;1958;2022-02-27T12:35:49.757;
1417000;873;18963;0;1643;2022-02-27T12:38:05.865;
1418000;903;18636;0;1555;2022-02-27T12:40:16.897;
1419000;880;18594;0;2239;2022-02-27T12:42:26.435;
1420000;885;18545;0;2032;2022-02-27T12:44:38.769;
1421000;902;18585;0;1676;2022-02-27T12:46:48.759;
1422000;889;18945;0;1804;2022-02-27T12:49:00.535;
1423000;889;18790;0;1871;2022-02-27T12:51:13.901;
1424000;867;18584;0;2217;2022-02-27T12:53:25.189;
1425000;891;18604;0;1763;2022-02-27T12:55:34.523;
1426000;907;18720;0;1376;2022-02-27T12:57:46.185;
1427000;873;18781;0;2180;2022-02-27T13:00:00.973;
1428000;885;18752;0;2261;2022-02-27T13:02:11.088;
1429000;911;19328;0;1591;2022-02-27T13:04:26;
1430000;885;18580;0;1668;2022-02-27T13:06:36.905;
1431000;875;18494;0;1939;2022-02-27T13:08:47.967;
1432000;887;18938;0;1693;2022-02-27T13:10:59.942;
1433000;879;18619;0;1646;2022-02-27T13:13:11.042;
1434000;907;18912;0;1583;2022-02-27T13:15:26.968;
1435000;889;18852;0;2160;2022-02-27T13:17:39.209;
1436000;896;18861;0;1876;2022-02-27T13:19:53.620;
1437000;879;18872;0;1631;2022-02-27T13:22:10.603;
1438000;896;19047;0;1799;2022-02-27T13:24:24.821;
1439000;888;18613;0;1815;2022-02-27T13:26:45.366;
1440000;895;18623;0;1586;2022-02-27T13:28:58.826;
1441000;898;18704;0;1712;2022-02-27T13:31:11.590;
1442000;881;18468;0;1900;2022-02-27T13:33:35.595;
1443000;880;18375;0;2321;2022-02-27T13:36:05.018;
1444000;888;19006;0;1787;2022-02-27T13:38:39.564;
1445000;892;18512;0;2139;2022-02-27T13:41:12.849;
1446000;884;18961;0;1710;2022-02-27T13:43:50.772;
1447000;894;18643;0;1755;2022-02-27T13:46:25.660;
1448000;896;18820;0;1540;2022-02-27T13:49:01.952;
1449000;881;18785;0;2105;2022-02-27T13:51:35.337;
1450000;901;18605;0;2012;2022-02-27T13:54:05.737;
1451000;872;18571;0;2263;2022-02-27T13:56:37.069;
1452000;878;18779;0;2230;2022-02-27T13:59:13.840;
1453000;885;18735;0;2009;2022-02-27T14:01:49.688;
1454000;895;18825;0;1553;2022-02-27T14:04:19.564;
1455000;897;18799;0;1908;2022-02-27T14:06:31.034;
1456000;890;18996;0;2014;2022-02-27T14:08:43.971;
1457000;883;18600;0;1794;2022-02-27T14:10:57.776;
1458000;891;18933;0;1826;2022-02-27T14:13:10.105;
1459000;883;19192;0;1466;2022-02-27T14:15:25.866;
1460000;889;19029;0;2098;2022-02-27T14:17:38.657;
