totalGamesPlayed;gamesWonInSeries;movesInSeries;correctMovesInSeries;cellsToUnCoverInSeries;
1000;14;5587;4601;20689;2022-04-21T14:04:42.412;
2000;16;6508;5524;20671;2022-04-21T14:06:12.556;
3000;26;6934;5960;19797;2022-04-21T14:07:47.996;
4000;16;6517;5533;19878;2022-04-21T14:09:15.380;
5000;27;6765;5792;19084;2022-04-21T14:10:44.525;
6000;35;6740;5775;18774;2022-04-21T14:12:14.275;
7000;54;7395;6449;17873;2022-04-21T14:13:52.473;
8000;45;7149;6194;18331;2022-04-21T14:15:29.196;
9000;40;7587;6627;17383;2022-04-21T14:17:07.604;
10000;39;7897;6936;17455;2022-04-21T14:18:48.890;
11000;41;7881;6922;16969;2022-04-21T14:20:29.012;
12000;44;8206;7250;16225;2022-04-21T14:22:16.582;
13000;37;8167;7204;16418;2022-04-21T14:23:59.554;
14000;62;8230;7292;16830;2022-04-21T14:25:43.184;
15000;48;8559;7607;16666;2022-04-21T14:27:31.998;
16000;59;8797;7856;15826;2022-04-21T14:29:23.949;
17000;65;8726;7791;15847;2022-04-21T14:31:12.642;
18000;74;9245;8319;15154;2022-04-21T14:33:04.965;
19000;55;9026;8081;15648;2022-04-21T14:34:56.804;
20000;66;8905;7971;15061;2022-04-21T14:36:44.613;
21000;65;9056;8121;15141;2022-04-21T14:38:34.418;
22000;69;9273;8342;14174;2022-04-21T14:40:26.088;
23000;81;9464;8545;14891;2022-04-21T14:42:20.271;
24000;69;9069;8138;14749;2022-04-21T14:44:08.751;
25000;89;9793;8882;14255;2022-04-21T14:46:05.531;
26000;84;9698;8782;14008;2022-04-21T14:48:00.943;
27000;100;9767;8868;15158;2022-04-21T14:49:57.674;
28000;98;9780;8877;14627;2022-04-21T14:51:52.159;
29000;108;9900;9008;13907;2022-04-21T14:53:51.297;
30000;110;9772;8882;14205;2022-04-21T14:55:46.171;
31000;102;10002;9104;13735;2022-04-21T14:57:44.111;
32000;113;9772;8885;14866;2022-04-21T14:59:39.036;
33000;117;10268;9385;13613;2022-04-21T15:01:41.506;
34000;125;10308;9433;13545;2022-04-21T15:03:41.113;
35000;122;10542;9664;13572;2022-04-21T15:05:47.059;
36000;146;10609;9755;13659;2022-04-21T15:07:51.052;
37000;143;10324;9467;13215;2022-04-21T15:09:51.366;
38000;133;10844;9977;13025;2022-04-21T15:11:59.368;
39000;154;10923;10077;12520;2022-04-21T15:14:08.594;
40000;147;10895;10042;13629;2022-04-21T15:16:16.458;
41000;142;10687;9829;13008;2022-04-21T15:18:22.222;
42000;159;10915;10074;13405;2022-04-21T15:20:31.314;
43000;143;10607;9750;13334;2022-04-21T15:22:34.010;
44000;166;11043;10209;12489;2022-04-21T15:24:41.939;
45000;146;11277;10423;12137;2022-04-21T15:26:53.649;
46000;151;11245;10396;12653;2022-04-21T15:29:03.387;
47000;163;11108;10271;12225;2022-04-21T15:31:13.461;
48000;125;10634;9759;13563;2022-04-21T15:33:18.631;
49000;162;11104;10266;11976;2022-04-21T15:35:26.674;
50000;169;10798;9967;12812;2022-04-21T15:37:31.524;
51000;159;11246;10405;12758;2022-04-21T15:39:42.529;
52000;176;11303;10479;11508;2022-04-21T15:41:53.527;
53000;151;11165;10316;12775;2022-04-21T15:44:01.839;
54000;164;11037;10201;11880;2022-04-21T15:46:09.100;
55000;183;11027;10210;12629;2022-04-21T15:48:17.687;
56000;173;11310;10483;12465;2022-04-21T15:50:31.750;
57000;171;11282;10453;11742;2022-04-21T15:52:44.208;
58000;186;11157;10343;12411;2022-04-21T15:54:55.942;
59000;195;11338;10533;11285;2022-04-21T15:57:04.801;
60000;197;10851;10048;12355;2022-04-21T15:59:08.606;
61000;177;11535;10712;12142;2022-04-21T16:01:22.683;
62000;189;11218;10408;12079;2022-04-21T16:03:30.164;
63000;224;11643;10866;11312;2022-04-21T16:05:43.279;
64000;189;11626;10815;12031;2022-04-21T16:07:59.729;
65000;166;11145;10311;13154;2022-04-21T16:10:07.007;
66000;198;11124;10322;12164;2022-04-21T16:12:13.158;
67000;199;11577;10776;11951;2022-04-21T16:14:26.095;
68000;187;11414;10601;12314;2022-04-21T16:16:33.984;
69000;197;11646;10843;12194;2022-04-21T16:18:48.917;
70000;200;11553;10753;11716;2022-04-21T16:20:59.647;
71000;202;11521;10723;11695;2022-04-21T16:23:10.360;
72000;202;11497;10699;12007;2022-04-21T16:25:17.663;
73000;226;11768;10994;11503;2022-04-21T16:27:32.802;
74000;229;11276;10505;12246;2022-04-21T16:29:39.937;
75000;225;11549;10774;11774;2022-04-21T16:31:52.877;
76000;223;11487;10710;11703;2022-04-21T16:34:02.608;
77000;201;11470;10671;11528;2022-04-21T16:36:11.450;
78000;225;11683;10908;11273;2022-04-21T16:38:23.765;
79000;211;11645;10857;11229;2022-04-21T16:40:34.880;
80000;203;11489;10691;11377;2022-04-21T16:42:44.026;
81000;210;11285;10495;11686;2022-04-21T16:44:51.178;
82000;230;11751;10981;11356;2022-04-21T16:47:05.177;
83000;198;11465;10664;11274;2022-04-21T16:49:16.066;
84000;231;11851;11081;10928;2022-04-21T16:51:30.096;
85000;216;11490;10706;11199;2022-04-21T16:53:41.457;
86000;202;11473;10676;11752;2022-04-21T16:55:51.979;
87000;216;11553;10769;11633;2022-04-21T16:58:02.700;
88000;209;11465;10673;11875;2022-04-21T17:00:22.904;
89000;220;11579;10800;11396;2022-04-21T17:02:38.212;
90000;220;11569;10789;12149;2022-04-21T17:04:49.565;
91000;235;11877;11111;12226;2022-04-21T17:07:04.051;
92000;217;11939;11157;10820;2022-04-21T17:09:18.432;
93000;213;11849;11062;12010;2022-04-21T17:11:31.647;
94000;232;11843;11075;11072;2022-04-21T17:13:46.317;
95000;236;11863;11098;10527;2022-04-21T17:16:00.520;
96000;244;12053;11297;10240;2022-04-21T17:18:16.646;
97000;233;11975;11208;11288;2022-04-21T17:20:32.176;
98000;231;11773;11005;11255;2022-04-21T17:22:45.035;
99000;230;11854;11083;10985;2022-04-21T17:24:59.684;
100000;234;11626;10860;11687;2022-04-21T17:27:09.308;
101000;245;11711;10956;12129;2022-04-21T17:29:20.663;
102000;218;11663;10882;11482;2022-04-21T17:31:32.369;
103000;229;11394;10622;12041;2022-04-21T17:33:40.927;
104000;259;12022;11281;10602;2022-04-21T17:35:55.207;
105000;227;12088;11316;11682;2022-04-21T17:38:11.853;
106000;253;11810;11062;11137;2022-04-21T17:40:24.230;
107000;242;11858;11100;10967;2022-04-21T17:42:36.729;
108000;241;11686;10927;11591;2022-04-21T17:44:46.966;
109000;227;11886;11113;11359;2022-04-21T17:46:58.786;
110000;217;12037;11254;11257;2022-04-21T17:49:16.483;
111000;243;11947;11190;10705;2022-04-21T17:51:31.534;
112000;241;11509;10750;11731;2022-04-21T17:53:39.922;
113000;250;12162;11413;11031;2022-04-21T17:55:57.185;
114000;230;11900;11130;11726;2022-04-21T17:58:11.450;
115000;244;11823;11067;11190;2022-04-21T18:00:23.983;
116000;254;12103;11356;10968;2022-04-21T18:02:39.607;
117000;229;12028;11257;11573;2022-04-21T18:04:54.964;
118000;259;12030;11290;10735;2022-04-21T18:07:09.135;
119000;232;11818;11049;11623;2022-04-21T18:09:23.080;
120000;248;12105;11354;11811;2022-04-21T18:11:40.367;
121000;232;12065;11296;11412;2022-04-21T18:13:56.718;
122000;240;11662;10902;12047;2022-04-21T18:16:07.813;
123000;256;11895;11151;11532;2022-04-21T18:18:19.876;
124000;256;12005;11261;10964;2022-04-21T18:20:35.848;
125000;264;11876;11140;10924;2022-04-21T18:22:48.598;
126000;254;12249;11503;11143;2022-04-21T18:25:05.617;
127000;277;12465;11742;10764;2022-04-21T18:27:23.796;
128000;237;12024;11262;11926;2022-04-21T18:29:40.181;
129000;261;12405;11666;10378;2022-04-21T18:31:57.330;
130000;262;12318;11579;10929;2022-04-21T18:34:14.704;
131000;247;12234;11481;11156;2022-04-21T18:36:31.661;
132000;297;12662;11959;10129;2022-04-21T18:38:53.681;
133000;256;12110;11367;11090;2022-04-21T18:41:08.195;
134000;244;11957;11200;11203;2022-04-21T18:43:20.992;
135000;282;12330;11612;10646;2022-04-21T18:45:37.520;
136000;258;12247;11505;10720;2022-04-21T18:47:52.724;
137000;274;12019;11293;10903;2022-04-21T18:50:06.481;
138000;261;12306;11568;10390;2022-04-21T18:52:24.295;
139000;265;12012;11276;11312;2022-04-21T18:54:37.930;
140000;268;11862;11131;10801;2022-04-21T18:56:49.451;
141000;244;11885;11128;11147;2022-04-21T18:59:02.117;
142000;266;12095;11361;10854;2022-04-21T19:01:16.098;
143000;255;12111;11366;10671;2022-04-21T19:03:32.555;
144000;261;11938;11199;11437;2022-04-21T19:05:46.532;
145000;245;11743;10989;11763;2022-04-21T19:07:55.836;
146000;276;12028;11303;11098;2022-04-21T19:10:08.250;
147000;265;11936;11201;11284;2022-04-21T19:12:20.339;
148000;277;12256;11533;10520;2022-04-21T19:14:36.431;
149000;276;12094;11370;10508;2022-04-21T19:16:50.283;
150000;247;11987;11234;10866;2022-04-21T19:19:04.290;
151000;262;12042;11304;10536;2022-04-21T19:21:19.201;
152000;271;12160;11432;11006;2022-04-21T19:23:34.514;
153000;280;12186;11466;10651;2022-04-21T19:25:49.562;
154000;287;12410;11696;10315;2022-04-21T19:28:05.766;
155000;273;11953;11226;10706;2022-04-21T19:30:18.508;
156000;284;12176;11460;10870;2022-04-21T19:32:33.696;
157000;279;12087;11366;10707;2022-04-21T19:34:48.065;
158000;278;12420;11699;10288;2022-04-21T19:37:07.240;
159000;284;12123;11406;10652;2022-04-21T19:39:21.745;
160000;293;12159;11453;10228;2022-04-21T19:41:35.550;
161000;279;12112;11391;10092;2022-04-21T19:43:49.245;
162000;310;12567;11877;9604;2022-04-21T19:46:09.276;
163000;307;12386;11692;10455;2022-04-21T19:48:26.177;
164000;293;12336;11629;10206;2022-04-21T19:50:43.602;
165000;285;12430;11715;11120;2022-04-21T19:53:02.920;
166000;287;12098;11385;10506;2022-04-21T19:55:17.172;
167000;258;12118;11376;11195;2022-04-21T19:57:31.783;
168000;270;12026;11297;10455;2022-04-21T19:59:44.575;
169000;277;12281;11557;10834;2022-04-21T20:02:00.922;
170000;268;12160;11428;10731;2022-04-21T20:04:16.139;
171000;284;12216;11500;11295;2022-04-21T20:06:31.418;
172000;258;12011;11270;10707;2022-04-21T20:08:44.374;
173000;292;12196;11488;11627;2022-04-21T20:10:59.582;
174000;289;12357;11645;10249;2022-04-21T20:13:17.030;
175000;318;12370;11688;9671;2022-04-21T20:15:33.229;
176000;271;12221;11493;10712;2022-04-21T20:17:48.880;
177000;258;12007;11265;11513;2022-04-21T20:20:01.398;
178000;281;11942;11223;11387;2022-04-21T20:22:12.871;
179000;300;12367;11667;11006;2022-04-21T20:24:29.728;
180000;289;12189;11477;11022;2022-04-21T20:26:44.268;
181000;282;12191;11473;10882;2022-04-21T20:28:59.153;
182000;276;12226;11502;10810;2022-04-21T20:31:15.737;
183000;243;11744;10988;11233;2022-04-21T20:33:27.181;
184000;304;12131;11435;10272;2022-04-21T20:35:40.599;
185000;281;12066;11346;11370;2022-04-21T20:37:55.413;
186000;258;11984;11243;10818;2022-04-21T20:40:08.435;
187000;311;12544;11854;10152;2022-04-21T20:42:28.385;
188000;257;11980;11238;10800;2022-04-21T20:44:39.812;
189000;298;12672;11969;10439;2022-04-21T20:46:59.635;
190000;280;12195;11476;10363;2022-04-21T20:49:14.849;
191000;266;12056;11321;11334;2022-04-21T20:51:33.373;
192000;306;12538;11845;9994;2022-04-21T20:53:52.093;
193000;285;12209;11493;10181;2022-04-21T20:56:08.486;
194000;277;12445;11722;10663;2022-04-21T20:58:26.273;
195000;324;12505;11829;9642;2022-04-21T21:00:43.433;
196000;298;12698;11997;10753;2022-04-21T21:03:03.089;
197000;312;12508;11820;9839;2022-04-21T21:05:21.093;
198000;294;12108;11401;10452;2022-04-21T21:07:34.379;
199000;292;12764;12057;10248;2022-04-21T21:09:55.708;
200000;309;12450;11759;10217;2022-04-21T21:12:12.709;
201000;329;12569;11898;9979;2022-04-21T21:14:30.315;
202000;299;12091;11389;10612;2022-04-21T21:16:41.466;
203000;309;12334;11643;10251;2022-04-21T21:18:57.409;
204000;300;12185;11485;10491;2022-04-21T21:21:10.162;
205000;306;12708;12015;9686;2022-04-21T21:23:32.112;
206000;310;12296;11605;9793;2022-04-21T21:25:48.591;
207000;291;12334;11626;10557;2022-04-21T21:28:05.323;
208000;306;12582;11887;10163;2022-04-21T21:30:24.414;
209000;293;12139;11432;11068;2022-04-21T21:32:39.256;
210000;291;12173;11464;10258;2022-04-21T21:34:53.368;
211000;280;12349;11629;10486;2022-04-21T21:37:10.243;
212000;285;11967;11252;10821;2022-04-21T21:39:20.736;
213000;311;12957;12269;9446;2022-04-21T21:41:44.018;
214000;293;12455;11747;10179;2022-04-21T21:44:03.424;
215000;304;12789;12093;9850;2022-04-21T21:46:25.722;
216000;285;12358;11644;10431;2022-04-21T21:48:42.399;
217000;297;12534;11830;10673;2022-04-21T21:50:58.967;
218000;310;12571;11882;10638;2022-04-21T21:53:16.833;
219000;315;12679;11993;10548;2022-04-21T21:55:34.988;
220000;297;12543;11840;9978;2022-04-21T21:57:51.522;
221000;306;12273;11579;10690;2022-04-21T22:00:07.276;
222000;307;12326;11634;10013;2022-04-21T22:02:22.832;
223000;315;12890;12205;9851;2022-04-21T22:04:45.233;
224000;310;12602;11911;10395;2022-04-21T22:07:02.633;
225000;300;12631;11931;10289;2022-04-21T22:09:21.758;
226000;296;12203;11499;10230;2022-04-21T22:11:35.154;
227000;316;12609;11925;9893;2022-04-21T22:13:52.710;
228000;296;12210;11506;11057;2022-04-21T22:16:05.756;
229000;322;12586;11908;9980;2022-04-21T22:18:23.300;
230000;307;12603;11911;10399;2022-04-21T22:20:41.331;
231000;301;12599;11899;9974;2022-04-21T22:22:58.543;
232000;280;12351;11631;10040;2022-04-21T22:25:15.461;
233000;310;12625;11936;9843;2022-04-21T22:27:33.262;
234000;327;12802;12128;9703;2022-04-21T22:29:55.400;
235000;284;12183;11468;10269;2022-04-21T22:32:08.883;
236000;319;12697;12016;10059;2022-04-21T22:34:30.897;
237000;290;12317;11606;10625;2022-04-21T22:36:46.960;
238000;317;12713;12031;10371;2022-04-21T22:39:07.575;
239000;290;12311;11601;11183;2022-04-21T22:41:24.980;
240000;312;12164;11475;10768;2022-04-21T22:43:37.985;
241000;307;12446;11753;10757;2022-04-21T22:45:54.285;
242000;310;12462;11773;10045;2022-04-21T22:48:12.338;
243000;307;12537;11843;10275;2022-04-21T22:50:28.796;
244000;311;12387;11699;10251;2022-04-21T22:52:46.941;
245000;321;12496;11816;10270;2022-04-21T22:55:05.361;
246000;290;12417;11707;10750;2022-04-21T22:57:22.537;
247000;321;12742;12063;9829;2022-04-21T22:59:43.310;
248000;325;12355;11681;10484;2022-04-21T23:01:58.542;
249000;312;12441;11752;10691;2022-04-21T23:04:15.137;
250000;319;12292;11611;9854;2022-04-21T23:06:29.570;
251000;327;12508;11835;10321;2022-04-21T23:08:45.665;
252000;295;12915;12210;9784;2022-04-21T23:11:06.854;
253000;296;12700;11997;10012;2022-04-21T23:13:27.595;
254000;313;12486;11798;11044;2022-04-21T23:15:45.848;
255000;291;12208;11500;10887;2022-04-21T23:17:59.329;
256000;335;12607;11941;10037;2022-04-21T23:20:18.746;
257000;306;12556;11862;10037;2022-04-21T23:22:36.855;
258000;322;12794;12116;9731;2022-04-21T23:24:59.056;
259000;306;12422;11728;9959;2022-04-21T23:27:15.112;
260000;297;12396;11693;10482;2022-04-21T23:29:30.562;
261000;280;12666;11946;10317;2022-04-21T23:31:50.285;
262000;328;12837;12166;9587;2022-04-21T23:34:11.628;
263000;313;12475;11788;10035;2022-04-21T23:36:27.755;
264000;307;12742;12048;10160;2022-04-21T23:38:50.414;
265000;313;12686;11999;9598;2022-04-21T23:41:09.382;
266000;337;12279;11617;10428;2022-04-21T23:43:23.229;
267000;309;12502;11810;9953;2022-04-21T23:45:39.719;
268000;312;12646;11959;10251;2022-04-21T23:47:58.504;
269000;313;12866;12178;10092;2022-04-21T23:50:19.213;
270000;284;12309;11594;10870;2022-04-21T23:52:34.144;
271000;318;13054;12371;10040;2022-04-21T23:54:56.530;
272000;284;12379;11664;10289;2022-04-21T23:57:12.024;
273000;317;12736;12052;9774;2022-04-21T23:59:34.026;
274000;347;12509;11856;9741;2022-04-22T00:01:49.320;
275000;310;12349;11659;9775;2022-04-22T00:04:05.840;
276000;319;12611;11930;9983;2022-04-22T00:06:25.039;
277000;305;12497;11803;10119;2022-04-22T00:08:40.648;
278000;310;12649;11958;9740;2022-04-22T00:10:59.415;
279000;306;12825;12131;9800;2022-04-22T00:13:20.789;
280000;330;12468;11798;10035;2022-04-22T00:15:36.325;
281000;297;12648;11946;9849;2022-04-22T00:17:55.699;
282000;302;12517;11818;10387;2022-04-22T00:20:12.704;
283000;328;12455;11783;9802;2022-04-22T00:22:28.277;
284000;296;12711;12007;10313;2022-04-22T00:24:49.192;
285000;323;12960;12283;10076;2022-04-22T00:27:13.116;
286000;343;12648;11991;10542;2022-04-22T00:29:30.863;
287000;285;12277;11563;10957;2022-04-22T00:31:46.806;
288000;327;12660;11986;10254;2022-04-22T00:34:05.731;
289000;317;12340;11657;10510;2022-04-22T00:36:20.767;
290000;298;12410;11708;10183;2022-04-22T00:38:37.274;
291000;292;12321;11613;10971;2022-04-22T00:40:53.862;
292000;304;12222;11527;10163;2022-04-22T00:43:08.520;
293000;318;12490;11807;10100;2022-04-22T00:45:24.624;
294000;337;12818;12155;9795;2022-04-22T00:47:43.929;
295000;364;12839;12203;10238;2022-04-22T00:50:03.229;
296000;317;12160;11477;10751;2022-04-22T00:52:14.834;
297000;294;12232;11526;10519;2022-04-22T00:54:29.635;
298000;309;12589;11898;10406;2022-04-22T00:56:48.158;
299000;317;12608;11926;10266;2022-04-22T00:59:06.308;
300000;342;12633;11975;10106;2022-04-22T01:01:25.560;
301000;299;12462;11760;9666;2022-04-22T01:03:42.005;
302000;310;12292;11603;10299;2022-04-22T01:05:56.705;
303000;309;12424;11732;10763;2022-04-22T01:08:12.267;
304000;305;12365;11671;10275;2022-04-22T01:10:28.130;
305000;330;12923;12253;10590;2022-04-22T01:12:48.576;
306000;341;12888;12228;10427;2022-04-22T01:15:09.511;
307000;343;12882;12225;10027;2022-04-22T01:17:30.073;
308000;324;12833;12158;9660;2022-04-22T01:19:51.451;
309000;367;13179;12545;9178;2022-04-22T01:22:17.068;
310000;304;12561;11865;10540;2022-04-22T01:24:34.716;
311000;335;12734;12069;9668;2022-04-22T01:26:55.009;
312000;316;12414;11730;10528;2022-04-22T01:29:12.053;
313000;300;12567;11868;10550;2022-04-22T01:31:30.297;
314000;327;12444;11770;10103;2022-04-22T01:33:47.433;
315000;299;12775;12074;10262;2022-04-22T01:36:08.751;
316000;332;12603;11935;9626;2022-04-22T01:38:26.782;
317000;319;12343;11662;10717;2022-04-22T01:40:40.980;
318000;328;12257;11585;9702;2022-04-22T01:42:54.174;
319000;339;12756;12095;9923;2022-04-22T01:45:13.489;
320000;356;12961;12317;9491;2022-04-22T01:47:35.411;
321000;328;12563;11891;10300;2022-04-22T01:49:54.267;
322000;312;12575;11888;10131;2022-04-22T01:52:09.839;
323000;320;12571;11891;10531;2022-04-22T01:54:27.335;
324000;308;12419;11726;10742;2022-04-22T01:56:42.797;
325000;323;12940;12263;9532;2022-04-22T01:59:03.162;
326000;298;12271;11569;10713;2022-04-22T02:01:16.308;
327000;311;12636;11948;9689;2022-04-22T02:03:33.479;
328000;336;12669;12004;10157;2022-04-22T02:05:52;
329000;338;12652;11990;9683;2022-04-22T02:08:11.806;
330000;310;12430;11740;9844;2022-04-22T02:10:29.054;
331000;313;12579;11893;9738;2022-04-22T02:12:46.565;
332000;320;12531;11850;10342;2022-04-22T02:15:03.741;
333000;292;12534;11827;10751;2022-04-22T02:17:22.234;
334000;315;12672;11987;9871;2022-04-22T02:19:41.249;
335000;309;12152;11461;10249;2022-04-22T02:21:53.506;
336000;322;12863;12185;10338;2022-04-22T02:24:15.056;
337000;334;12315;11648;10279;2022-04-22T02:26:29.409;
338000;330;12478;11808;10219;2022-04-22T02:28:46.756;
339000;288;12610;11898;11399;2022-04-22T02:31:06.433;
340000;338;12753;12092;9813;2022-04-22T02:33:27.847;
341000;335;12854;12188;9528;2022-04-22T02:35:48.598;
342000;321;12504;11825;9739;2022-04-22T02:38:03.583;
343000;325;13146;12471;9928;2022-04-22T02:40:28.857;
344000;325;12670;11995;10093;2022-04-22T02:42:47.574;
345000;331;12440;11772;9535;2022-04-22T02:45:01.222;
346000;318;12378;11696;10878;2022-04-22T02:47:15.444;
347000;320;12692;12012;9935;2022-04-22T02:49:31.794;
348000;318;12676;11993;10403;2022-04-22T02:51:51.115;
349000;309;12592;11901;9886;2022-04-22T02:54:07.996;
350000;343;12864;12207;10126;2022-04-22T02:56:28.643;
351000;336;12708;12044;10066;2022-04-22T02:58:48.062;
352000;314;12581;11896;10373;2022-04-22T03:01:05.797;
353000;330;12563;11892;9829;2022-04-22T03:03:23.902;
354000;298;12391;11689;10744;2022-04-22T03:05:40.011;
355000;318;12854;12173;10089;2022-04-22T03:08:02.856;
356000;329;12272;11600;10231;2022-04-22T03:10:16.671;
357000;365;12804;12170;8732;2022-04-22T03:12:36.436;
358000;317;12468;11785;10445;2022-04-22T03:14:52.223;
359000;315;12489;11803;10163;2022-04-22T03:17:10.504;
360000;327;13068;12395;9475;2022-04-22T03:19:33.684;
361000;327;12571;11898;9485;2022-04-22T03:21:51.245;
362000;324;12339;11663;10476;2022-04-22T03:24:04.900;
363000;297;12704;12001;10666;2022-04-22T03:26:24.618;
364000;319;12514;11833;10194;2022-04-22T03:28:41.965;
365000;321;12354;11675;10850;2022-04-22T03:30:56.054;
366000;336;12638;11975;9247;2022-04-22T03:33:12.260;
367000;276;12526;11801;10997;2022-04-22T03:35:30.789;
368000;319;12409;11728;10468;2022-04-22T03:37:47.322;
369000;332;12781;12114;9882;2022-04-22T03:40:05.858;
370000;287;12409;11695;10048;2022-04-22T03:42:21.386;
371000;342;12826;12168;9761;2022-04-22T03:44:41.093;
372000;325;12517;11843;9808;2022-04-22T03:46:59.472;
373000;338;12697;12034;9757;2022-04-22T03:49:19.005;
374000;351;12874;12225;9442;2022-04-22T03:51:38.066;
375000;280;12161;11441;10102;2022-04-22T03:53:51.498;
376000;331;12931;12262;9750;2022-04-22T03:56:13.033;
377000;331;12746;12077;10422;2022-04-22T03:58:33.028;
378000;314;12266;11580;10381;2022-04-22T04:00:45.070;
379000;323;12509;11832;10022;2022-04-22T04:03:01.467;
380000;331;12433;11764;10921;2022-04-22T04:05:17.930;
381000;330;12765;12095;9865;2022-04-22T04:07:40.722;
382000;334;12719;12053;9872;2022-04-22T04:09:59.937;
383000;330;12728;12059;9649;2022-04-22T04:12:27.146;
384000;301;12846;12147;10030;2022-04-22T04:14:48.498;
385000;307;12477;11783;10590;2022-04-22T04:17:05.794;
386000;297;12864;12162;9855;2022-04-22T04:19:27.921;
387000;332;12819;12151;9698;2022-04-22T04:21:48.015;
388000;335;12699;12033;10165;2022-04-22T04:24:05.580;
389000;307;12701;12008;10298;2022-04-22T04:26:25.293;
390000;314;12650;11965;9896;2022-04-22T04:28:44.487;
391000;337;12893;12229;9374;2022-04-22T04:31:05.246;
392000;369;13023;12392;9483;2022-04-22T04:33:27.704;
393000;321;12496;11817;10485;2022-04-22T04:35:44.482;
394000;313;12419;11732;10083;2022-04-22T04:38:00.045;
395000;331;12293;11624;10410;2022-04-22T04:40:14.248;
396000;334;12690;12025;10319;2022-04-22T04:42:33.169;
397000;304;12348;11651;11159;2022-04-22T04:44:48.422;
398000;330;12677;12007;10494;2022-04-22T04:47:05.290;
399000;313;12468;11782;10083;2022-04-22T04:49:20.320;
400000;348;12868;12215;9584;2022-04-22T04:51:39.969;
401000;334;12664;11998;10540;2022-04-22T04:53:57.333;
402000;326;12737;12063;10539;2022-04-22T04:56:15.891;
403000;335;12877;12212;9807;2022-04-22T04:58:38.447;
404000;345;12439;11784;10202;2022-04-22T05:00:52.504;
405000;362;12730;12093;9986;2022-04-22T05:03:10.953;
406000;313;12230;11542;11064;2022-04-22T05:05:23.202;
407000;331;12690;12022;10027;2022-04-22T05:07:41.770;
408000;334;12970;12303;10196;2022-04-22T05:10:04.451;
409000;309;12740;12050;10906;2022-04-22T05:12:23.090;
410000;311;12466;11776;10279;2022-04-22T05:14:39.371;
411000;299;12008;11307;11252;2022-04-22T05:16:50.989;
412000;330;12464;11794;9912;2022-04-22T05:19:06.351;
413000;331;12511;11842;10249;2022-04-22T05:21:21.824;
414000;326;12562;11889;10155;2022-04-22T05:23:39.266;
415000;351;12663;12014;9761;2022-04-22T05:25:56.823;
416000;330;12766;12095;9938;2022-04-22T05:28:16.254;
417000;325;12690;12016;10165;2022-04-22T05:30:35.091;
418000;356;13001;12357;9748;2022-04-22T05:32:56.844;
419000;336;12344;11680;10551;2022-04-22T05:35:10.730;
420000;322;12239;11560;10313;2022-04-22T05:37:23.827;
421000;315;12025;11340;11097;2022-04-22T05:39:34.429;
422000;325;12789;12115;9862;2022-04-22T05:41:53.953;
423000;338;12770;12107;9764;2022-04-22T05:44:12.015;
424000;315;12448;11763;9981;2022-04-22T05:46:27.900;
425000;331;12523;11855;9512;2022-04-22T05:48:42.241;
426000;328;12486;11813;10494;2022-04-22T05:50:56.671;
427000;321;12671;11992;9963;2022-04-22T05:53:14.919;
428000;315;12554;11869;10468;2022-04-22T05:55:31.937;
429000;295;12775;12070;10246;2022-04-22T05:57:54.785;
430000;350;13253;12603;9458;2022-04-22T06:00:20.475;
431000;359;12757;12117;9762;2022-04-22T06:02:39.787;
432000;329;12568;11896;10269;2022-04-22T06:04:55.283;
433000;321;12513;11835;9828;2022-04-22T06:07:11.551;
434000;343;12675;12017;9846;2022-04-22T06:09:27.947;
435000;355;13128;12483;9362;2022-04-22T06:11:51.449;
436000;341;12806;12148;9335;2022-04-22T06:14:10.348;
437000;334;12621;11954;9867;2022-04-22T06:16:28.987;
438000;352;12326;11678;10321;2022-04-22T06:18:40.895;
439000;333;12382;11715;10053;2022-04-22T06:20:52.947;
440000;298;12687;11985;10502;2022-04-22T06:23:11.449;
441000;361;12902;12263;10008;2022-04-22T06:25:31.895;
442000;318;12630;11948;10326;2022-04-22T06:27:50.067;
443000;328;12521;11850;10203;2022-04-22T06:30:05.182;
444000;324;12907;12231;9346;2022-04-22T06:32:25.400;
445000;354;12981;12334;9395;2022-04-22T06:34:47.160;
446000;354;13012;12367;9599;2022-04-22T06:37:08.528;
447000;343;12849;12191;9522;2022-04-22T06:39:30.350;
448000;345;12609;11955;9988;2022-04-22T06:41:48.884;
449000;330;12797;12126;10132;2022-04-22T06:44:08.985;
450000;319;12455;11775;9881;2022-04-22T06:46:22.158;
451000;352;12860;12212;9456;2022-04-22T06:48:43.660;
452000;310;12652;11962;9894;2022-04-22T06:51:02.578;
453000;331;12739;12070;10163;2022-04-22T06:53:21.299;
454000;328;12604;11931;10156;2022-04-22T06:55:39.219;
455000;357;12640;11997;9871;2022-04-22T06:57:55.874;
456000;357;12850;12207;9884;2022-04-22T07:00:14.830;
457000;334;12914;12249;9815;2022-04-22T07:02:35.355;
458000;323;12454;11777;10268;2022-04-22T07:04:51.307;
459000;330;13049;12378;10249;2022-04-22T07:07:14.286;
460000;319;12630;11949;10113;2022-04-22T07:09:33.189;
461000;321;12543;11864;9918;2022-04-22T07:11:49.132;
462000;369;12878;12247;9731;2022-04-22T07:14:10.386;
463000;304;12553;11857;11146;2022-04-22T07:16:25.032;
464000;364;12588;11953;9781;2022-04-22T07:18:41.531;
465000;356;12719;12074;9961;2022-04-22T07:21:01.091;
466000;325;13089;12414;9828;2022-04-22T07:23:23.399;
467000;327;12853;12180;10235;2022-04-22T07:25:43.567;
468000;335;12650;11986;10106;2022-04-22T07:28:01.249;
469000;347;12833;12179;10343;2022-04-22T07:30:20.638;
470000;314;12540;11854;9886;2022-04-22T07:32:37.809;
471000;329;12476;11805;9987;2022-04-22T07:34:54.575;
472000;326;12670;11996;10433;2022-04-22T07:37:13.226;
473000;331;12870;12201;11028;2022-04-22T07:39:35.261;
474000;323;12842;12166;10520;2022-04-22T07:41:54.565;
475000;360;13117;12476;9358;2022-04-22T07:44:16.536;
476000;312;12861;12173;9765;2022-04-22T07:46:36.855;
477000;329;12748;12077;10284;2022-04-22T07:48:55.613;
478000;309;12406;11715;10793;2022-04-22T07:51:11.765;
479000;371;13175;12546;9243;2022-04-22T07:53:33.725;
480000;339;12676;12015;9257;2022-04-22T07:55:52.593;
481000;370;12914;12284;9293;2022-04-22T07:58:13.098;
482000;334;12378;11712;10222;2022-04-22T08:00:27.162;
483000;354;12971;12325;9578;2022-04-22T08:02:49.726;
484000;358;12756;12114;9683;2022-04-22T08:05:07.474;
485000;338;12533;11871;9700;2022-04-22T08:07:23.847;
486000;343;12814;12157;10119;2022-04-22T08:09:41.373;
487000;337;12500;11837;9977;2022-04-22T08:11:56.530;
488000;342;12698;12041;9778;2022-04-22T08:14:14.856;
489000;343;12820;12162;10233;2022-04-22T08:16:34.457;
490000;319;12328;11647;10359;2022-04-22T08:18:48.819;
491000;327;13228;12555;8978;2022-04-22T08:21:14.367;
492000;336;12546;11883;9742;2022-04-22T08:23:30.753;
493000;349;13047;12395;9286;2022-04-22T08:25:51.209;
494000;350;13200;12550;9682;2022-04-22T08:28:15.329;
495000;308;12526;11835;10389;2022-04-22T08:30:30.941;
496000;342;12898;12239;9782;2022-04-22T08:32:52.486;
497000;345;12692;12037;9805;2022-04-22T08:35:10.085;
498000;329;12850;12179;10087;2022-04-22T08:37:30.651;
499000;328;13057;12386;9561;2022-04-22T08:39:54.473;
500000;370;13010;12379;9680;2022-04-22T08:42:16.406;
501000;335;12770;12105;10197;2022-04-22T08:44:36.175;
502000;370;13030;12400;9096;2022-04-22T08:46:58.356;
503000;314;12578;11892;10417;2022-04-22T08:49:15.978;
504000;325;12591;11917;9371;2022-04-22T08:51:32.392;
505000;326;12805;12131;9594;2022-04-22T08:53:50.822;
506000;334;12696;12029;10253;2022-04-22T08:56:08.584;
507000;326;12563;11889;10173;2022-04-22T08:58:23.509;
508000;322;12507;11829;10842;2022-04-22T09:00:41.283;
509000;345;12834;12179;9979;2022-04-22T09:03:00.611;
510000;358;12937;12295;9368;2022-04-22T09:05:21.575;
511000;313;12797;12111;9728;2022-04-22T09:07:40.967;
512000;351;12857;12207;10037;2022-04-22T09:10:00.655;
513000;345;12731;12076;10117;2022-04-22T09:12:16.131;
514000;320;12598;11918;10192;2022-04-22T09:14:34.670;
515000;312;12596;11909;10254;2022-04-22T09:16:52.906;
516000;308;12839;12146;10473;2022-04-22T09:19:14.804;
517000;345;12733;12078;9646;2022-04-22T09:21:34.141;
518000;327;12964;12291;9275;2022-04-22T09:23:56.399;
519000;343;12837;12180;9685;2022-04-22T09:26:15.747;
520000;350;13005;12356;9910;2022-04-22T09:28:35.995;
521000;399;13330;12728;9318;2022-04-22T09:31:00.450;
522000;320;12385;11705;9937;2022-04-22T09:33:14.385;
523000;318;12781;12100;9642;2022-04-22T09:35:34.385;
524000;345;12946;12291;9343;2022-04-22T09:37:53.803;
525000;311;12701;12012;10241;2022-04-22T09:40:13.049;
526000;324;12253;11577;10296;2022-04-22T09:42:26.095;
527000;343;12737;12080;9989;2022-04-22T09:44:46.305;
528000;337;12531;11867;9689;2022-04-22T09:47:03.247;
529000;322;12678;12000;10515;2022-04-22T09:49:21.110;
530000;343;13068;12411;9924;2022-04-22T09:51:43.497;
531000;325;12608;11934;9454;2022-04-22T09:53:59.328;
532000;343;12619;11961;10064;2022-04-22T09:56:17.322;
533000;300;12454;11754;11194;2022-04-22T09:58:33.768;
534000;331;12730;12062;10329;2022-04-22T10:00:52.797;
535000;332;12980;12312;9579;2022-04-22T10:03:15.396;
536000;343;12580;11922;9816;2022-04-22T10:05:30.760;
537000;357;13184;12541;9383;2022-04-22T10:07:56.108;
538000;347;12653;12000;9975;2022-04-22T10:10:14.662;
539000;335;12889;12224;9589;2022-04-22T10:12:35.782;
540000;318;12924;12242;10566;2022-04-22T10:14:56.149;
541000;349;13257;12606;9770;2022-04-22T10:17:19.208;
542000;368;13124;12492;9336;2022-04-22T10:19:40.159;
543000;341;12401;11743;9905;2022-04-22T10:21:53.113;
544000;327;12875;12201;9571;2022-04-22T10:24:13.937;
545000;362;13101;12463;9546;2022-04-22T10:26:36.241;
546000;358;12868;12227;9841;2022-04-22T10:28:54.280;
547000;313;12740;12052;10879;2022-04-22T10:31:12.610;
548000;346;12947;12293;9844;2022-04-22T10:33:33.512;
549000;325;12332;11658;10967;2022-04-22T10:35:46.291;
550000;339;12822;12160;10079;2022-04-22T10:38:06.804;
551000;316;12576;11893;9838;2022-04-22T10:40:23.755;
552000;337;12832;12168;9155;2022-04-22T10:42:43.782;
553000;350;12920;12271;9777;2022-04-22T10:45:03.444;
554000;337;12971;12307;10133;2022-04-22T10:47:23.723;
555000;323;12751;12075;10136;2022-04-22T10:49:42.660;
556000;316;12405;11720;10910;2022-04-22T10:51:56.139;
557000;322;12729;12051;9705;2022-04-22T10:54:13.407;
558000;329;12762;12091;9874;2022-04-22T10:56:32.432;
559000;328;12650;11978;9998;2022-04-22T10:58:48.768;
560000;345;12751;12096;9613;2022-04-22T11:01:07.023;
561000;341;12919;12260;9744;2022-04-22T11:03:28.675;
562000;343;12721;12065;9968;2022-04-22T11:05:45.873;
563000;346;12744;12090;10206;2022-04-22T11:08:04.813;
564000;338;12334;11672;10262;2022-04-22T11:10:17.442;
565000;349;12917;12266;10202;2022-04-22T11:12:36.104;
566000;337;12801;12137;9857;2022-04-22T11:14:55.958;
567000;351;12966;12317;9819;2022-04-22T11:17:15.951;
568000;357;13393;12751;9130;2022-04-22T11:19:40.671;
569000;344;12855;12199;10205;2022-04-22T11:22:01.387;
570000;338;12705;12043;10192;2022-04-22T11:24:20.508;
571000;323;12660;11982;10894;2022-04-22T11:26:38.231;
572000;353;13153;12507;9624;2022-04-22T11:29:01.061;
573000;351;12835;12185;9247;2022-04-22T11:31:20.375;
574000;352;12578;11931;9950;2022-04-22T11:33:35.559;
575000;320;12631;11951;10195;2022-04-22T11:35:54.777;
576000;312;12606;11918;10998;2022-04-22T11:38:12.152;
577000;352;12931;12282;9453;2022-04-22T11:40:32.418;
578000;340;12819;12160;10379;2022-04-22T11:42:51.612;
579000;335;13030;12364;10164;2022-04-22T11:45:14.479;
580000;330;12671;12001;10574;2022-04-22T11:47:33.288;
581000;349;12836;12185;9980;2022-04-22T11:49:54.975;
582000;306;12705;12011;9922;2022-04-22T11:52:14.041;
583000;326;12657;11984;10043;2022-04-22T11:54:32.413;
584000;321;12658;11978;9612;2022-04-22T11:56:51.830;
585000;329;12518;11848;9390;2022-04-22T11:59:07.640;
586000;342;12719;12060;9747;2022-04-22T12:01:26.404;
587000;334;12751;12086;10407;2022-04-22T12:03:45.617;
588000;320;12490;11809;10745;2022-04-22T12:06:02.964;
589000;329;12927;12257;9974;2022-04-22T12:08:24.402;
590000;316;12348;11663;10317;2022-04-22T12:10:38.478;
591000;337;12617;11954;9907;2022-04-22T12:12:56.504;
592000;323;12703;12026;10222;2022-04-22T12:15:16.135;
593000;345;12581;11926;9877;2022-04-22T12:17:35.038;
594000;335;12674;12009;10204;2022-04-22T12:19:54.598;
595000;338;12891;12229;9514;2022-04-22T12:22:15.482;
596000;358;13252;12611;8820;2022-04-22T12:24:40.595;
597000;330;12918;12247;10015;2022-04-22T12:27:02.464;
598000;330;13064;12394;9853;2022-04-22T12:29:25.219;
599000;337;12812;12149;9526;2022-04-22T12:31:43.875;
600000;336;12740;12076;9433;2022-04-22T12:34:01.535;
601000;340;13002;12342;9521;2022-04-22T12:36:25.034;
602000;345;12771;12117;10125;2022-04-22T12:38:42.615;
603000;326;12898;12223;10620;2022-04-22T12:41:03.036;
604000;335;12661;11997;9006;2022-04-22T12:43:21.765;
605000;344;12630;11974;10007;2022-04-22T12:45:39.760;
606000;319;12750;12069;10095;2022-04-22T12:47:59.666;
607000;356;12777;12132;10048;2022-04-22T12:49:53.842;
608000;369;13222;12591;9832;2022-04-22T12:51:42.485;
609000;326;12856;12182;9770;2022-04-22T12:53:30.454;
610000;344;12701;12045;9657;2022-04-22T12:55:19.548;
611000;356;12561;11917;9347;2022-04-22T12:57:06.833;
612000;329;12469;11798;10296;2022-04-22T12:58:56.123;
613000;358;13075;12434;9344;2022-04-22T13:00:47.162;
614000;366;12780;12146;9538;2022-04-22T13:02:36.658;
615000;349;12552;11901;9880;2022-04-22T13:04:26.928;
616000;310;12585;11894;10216;2022-04-22T13:06:19.642;
617000;329;12791;12121;9895;2022-04-22T13:08:12.210;
618000;338;12450;11787;10234;2022-04-22T13:09:59.599;
619000;383;13019;12403;9826;2022-04-22T13:11:54.427;
620000;298;12518;11816;10608;2022-04-22T13:13:44.733;
621000;327;12622;11948;10258;2022-04-22T13:15:37.843;
622000;320;13015;12336;9261;2022-04-22T13:17:35.741;
623000;348;12854;12201;10053;2022-04-22T13:19:29.851;
624000;344;12817;12161;9396;2022-04-22T13:21:20.596;
625000;311;12820;12131;10121;2022-04-22T13:23:12.490;
626000;367;13073;12441;9346;2022-04-22T13:25:03.984;
627000;345;13173;12517;9680;2022-04-22T13:26:58.167;
628000;334;12859;12193;10389;2022-04-22T13:28:49.095;
629000;349;12719;12068;8973;2022-04-22T13:30:36.644;
630000;338;12370;11708;10215;2022-04-22T13:32:26.275;
631000;331;12457;11788;10047;2022-04-22T13:34:19.666;
632000;339;12805;12145;10083;2022-04-22T13:36:12.355;
633000;333;12969;12302;9974;2022-04-22T13:38:06.045;
634000;332;12930;12262;10172;2022-04-22T13:39:59.780;
635000;317;12262;11578;10051;2022-04-22T13:41:47.958;
636000;352;12792;12144;9736;2022-04-22T13:43:38.623;
637000;323;12518;11841;10207;2022-04-22T13:45:28.216;
638000;358;12877;12236;9694;2022-04-22T13:47:19.336;
639000;348;12663;12011;9515;2022-04-22T13:49:12.445;
640000;326;12607;11933;10157;2022-04-22T13:51:03.205;
641000;349;13105;12453;9567;2022-04-22T13:52:57.300;
642000;346;12687;12034;9929;2022-04-22T13:54:48.220;
643000;344;13021;12365;9933;2022-04-22T13:56:42.326;
644000;334;12862;12195;9233;2022-04-22T13:58:33.699;
645000;340;12831;12171;10005;2022-04-22T14:00:24.615;
646000;358;12942;12300;9705;2022-04-22T14:02:16.497;
647000;377;12596;11973;9267;2022-04-22T14:04:03.598;
648000;320;12778;12098;9953;2022-04-22T14:05:56.504;
649000;364;12877;12241;9912;2022-04-22T14:07:46.268;
650000;310;12593;11903;10651;2022-04-22T14:09:35.086;
651000;353;12663;12016;9782;2022-04-22T14:11:24.485;
652000;330;12800;12131;10376;2022-04-22T14:13:15.126;
653000;357;13045;12401;9829;2022-04-22T14:15:07.827;
654000;363;12664;12028;9806;2022-04-22T14:16:56.383;
655000;357;13066;12423;9433;2022-04-22T14:18:49.095;
656000;356;12983;12339;9888;2022-04-22T14:20:41.246;
657000;352;12693;12044;9749;2022-04-22T14:22:30.058;
658000;338;12742;12080;9778;2022-04-22T14:24:21.726;
659000;377;13017;12394;9625;2022-04-22T14:26:14.111;
660000;335;13046;12381;9824;2022-04-22T14:28:08.423;
661000;321;12668;11989;10586;2022-04-22T14:29:58.443;
662000;333;12817;12151;9882;2022-04-22T14:31:49.859;
663000;364;12956;12319;9422;2022-04-22T14:33:40.597;
664000;330;12782;12113;10638;2022-04-22T14:35:31.871;
665000;352;12815;12166;9600;2022-04-22T14:37:23.194;
666000;345;12893;12238;10533;2022-04-22T14:39:15.551;
667000;315;12605;11920;10646;2022-04-22T14:41:02.323;
668000;341;12937;12279;9962;2022-04-22T14:42:53.549;
669000;352;12752;12103;9985;2022-04-22T14:44:41.675;
670000;352;13140;12492;9042;2022-04-22T14:46:30.977;
671000;330;12640;11970;10652;2022-04-22T14:48:17.549;
672000;351;13159;12511;10284;2022-04-22T14:50:08.831;
673000;355;12860;12214;9689;2022-04-22T14:51:56.364;
674000;346;12826;12172;9441;2022-04-22T14:53:44.116;
675000;312;12346;11659;10930;2022-04-22T14:55:28.806;
676000;349;13149;12497;9438;2022-04-22T14:57:18.688;
677000;346;12356;11702;10665;2022-04-22T14:59:03.598;
678000;347;12686;12033;10024;2022-04-22T15:00:49.845;
679000;364;13092;12456;9551;2022-04-22T15:02:39.546;
680000;377;12871;12248;9569;2022-04-22T15:04:27.895;
681000;355;13230;12585;8813;2022-04-22T15:06:19.849;
682000;354;12744;12099;9838;2022-04-22T15:08:07.165;
683000;347;12907;12253;9351;2022-04-22T15:09:55.614;
684000;341;12868;12210;10274;2022-04-22T15:11:38.551;
685000;348;12939;12286;9634;2022-04-22T15:13:22.690;
686000;346;13003;12350;9577;2022-04-22T15:15:12.049;
687000;347;12619;11965;10109;2022-04-22T15:16:58.519;
688000;347;12778;12125;10620;2022-04-22T15:18:46.309;
689000;327;12688;12015;9649;2022-04-22T15:20:34.308;
690000;335;12426;11761;9887;2022-04-22T15:22:19.241;
691000;325;12686;12011;10278;2022-04-22T15:24:06.126;
692000;336;12777;12114;9689;2022-04-22T15:25:54.615;
693000;346;12416;11761;9760;2022-04-22T15:27:39.766;
694000;350;13265;12615;9402;2022-04-22T15:29:29;
695000;327;12937;12264;9537;2022-04-22T15:31:18.374;
696000;350;12502;11852;9652;2022-04-22T15:33:03.322;
697000;344;12794;12139;9439;2022-04-22T15:34:50.962;
698000;374;12644;12017;9250;2022-04-22T15:36:37.281;
699000;315;12462;11778;10268;2022-04-22T15:38:22.430;
700000;369;12877;12246;9328;2022-04-22T15:40:11.574;
701000;355;12875;12230;9598;2022-04-22T15:41:58.890;
702000;330;12735;12064;9574;2022-04-22T15:43:45.173;
703000;322;12868;12190;9865;2022-04-22T15:45:32.903;
704000;361;13257;12618;9596;2022-04-22T15:47:24.915;
705000;353;13199;12552;9418;2022-04-22T15:49:15.022;
706000;338;12810;12149;9441;2022-04-22T15:51:02.594;
707000;360;12948;12308;9592;2022-04-22T15:52:49.157;
708000;330;12676;12005;10262;2022-04-22T15:54:39.468;
709000;326;12896;12223;10882;2022-04-22T15:56:24.707;
710000;346;13102;12447;8687;2022-04-22T15:58:16.791;
711000;315;12617;11933;9825;2022-04-22T16:00:01.785;
712000;310;12415;11724;10539;2022-04-22T16:01:47.911;
713000;341;13148;12489;9393;2022-04-22T16:03:39.541;
714000;378;13074;12452;8691;2022-04-22T16:05:29.695;
715000;353;12775;12128;9246;2022-04-22T16:07:15.878;
716000;328;12672;12001;10099;2022-04-22T16:09:03.332;
717000;338;13031;12368;9328;2022-04-22T16:10:54.679;
718000;360;12830;12190;9929;2022-04-22T16:12:43.122;
719000;321;12253;11575;10697;2022-04-22T16:14:27.833;
720000;327;12490;11817;10598;2022-04-22T16:16:13.251;
721000;342;12533;11875;10084;2022-04-22T16:17:58.574;
722000;339;12527;11865;10174;2022-04-22T16:19:46.483;
723000;343;13197;12541;9751;2022-04-22T16:21:37.333;
724000;330;12708;12037;9146;2022-04-22T16:23:25.969;
725000;339;12832;12171;9142;2022-04-22T16:25:18.102;
726000;343;12879;12222;9938;2022-04-22T16:27:15.265;
727000;346;13032;12379;9447;2022-04-22T16:29:10.318;
728000;335;13195;12529;9266;2022-04-22T16:31:02.780;
729000;339;13056;12395;9703;2022-04-22T16:32:53.807;
730000;332;12342;11674;10513;2022-04-22T16:34:39.348;
731000;349;12699;12048;9846;2022-04-22T16:36:28.925;
732000;363;12991;12354;9559;2022-04-22T16:38:21.848;
733000;311;12479;11791;9958;2022-04-22T16:40:06.580;
734000;343;12701;12043;9712;2022-04-22T16:41:55.627;
735000;346;12547;11893;9958;2022-04-22T16:43:42.848;
736000;366;12915;12281;9943;2022-04-22T16:45:32.481;
737000;368;13064;12433;9561;2022-04-22T16:47:25.125;
738000;335;12862;12196;10084;2022-04-22T16:49:15.292;
739000;358;13302;12660;9263;2022-04-22T16:51:08.956;
740000;358;12675;12033;9800;2022-04-22T16:52:58.064;
741000;349;12962;12311;9296;2022-04-22T16:54:48.292;
742000;324;12535;11859;10367;2022-04-22T16:56:37.087;
743000;351;12873;12225;9370;2022-04-22T16:58:26.490;
744000;362;12637;11999;9592;2022-04-22T17:00:14.673;
745000;332;12824;12155;10532;2022-04-22T17:02:04.743;
746000;338;12812;12151;9943;2022-04-22T17:03:54.338;
747000;346;12809;12155;9985;2022-04-22T17:05:44.043;
748000;354;12955;12308;9921;2022-04-22T17:07:32.451;
749000;355;12767;12123;8509;2022-04-22T17:09:21.499;
750000;336;12817;12153;9477;2022-04-22T17:11:11.514;
751000;339;12850;12188;10041;2022-04-22T17:13:00.588;
752000;347;12900;12248;9282;2022-04-22T17:14:49.749;
753000;348;13128;12476;9183;2022-04-22T17:16:40.383;
754000;360;12948;12307;9826;2022-04-22T17:18:31.724;
755000;324;12764;12088;9972;2022-04-22T17:20:19.669;
756000;315;12786;12101;10815;2022-04-22T17:22:08.276;
757000;335;12730;12066;10305;2022-04-22T17:23:54.623;
758000;347;12850;12197;9925;2022-04-22T17:25:44.219;
759000;334;12889;12222;9817;2022-04-22T17:27:33.212;
760000;333;12435;11768;10213;2022-04-22T17:29:19.186;
761000;342;12903;12245;9684;2022-04-22T17:31:10.640;
762000;329;12618;11947;10233;2022-04-22T17:32:57.813;
763000;344;12673;12018;9802;2022-04-22T17:34:46.359;
764000;353;12888;12240;10015;2022-04-22T17:36:36.877;
765000;346;12704;12050;9525;2022-04-22T17:38:24.958;
766000;351;12688;12039;10283;2022-04-22T17:40:11.997;
767000;346;12952;12298;9531;2022-04-22T17:41:59.034;
768000;355;13316;12671;9857;2022-04-22T17:43:53.715;
769000;354;13198;12553;9745;2022-04-22T17:45:46.465;
770000;321;12820;12140;10129;2022-04-22T17:47:36.144;
771000;328;12828;12157;10111;2022-04-22T17:49:24.664;
772000;317;12649;11965;10320;2022-04-22T17:51:14.092;
773000;388;13010;12398;9217;2022-04-22T17:53:06.162;
774000;373;12791;12164;9308;2022-04-22T17:54:54.100;
775000;350;13239;12589;9787;2022-04-22T17:56:49.009;
776000;335;12286;11621;10468;2022-04-22T17:58:36.201;
777000;343;12908;12252;9696;2022-04-22T18:00:26.383;
778000;327;12879;12205;10210;2022-04-22T18:02:18.221;
779000;320;12247;11567;10351;2022-04-22T18:04:01.955;
780000;340;12670;12010;10027;2022-04-22T18:05:50.711;
781000;360;12655;12015;10246;2022-04-22T18:07:38.330;
782000;351;12629;11980;9760;2022-04-22T18:09:25.411;
783000;360;12802;12163;9561;2022-04-22T18:11:13.057;
784000;319;12487;11805;9862;2022-04-22T18:13:00.705;
785000;350;13142;12492;8979;2022-04-22T18:14:51.346;
786000;363;12869;12232;9808;2022-04-22T18:16:38.582;
787000;345;12735;12080;9220;2022-04-22T18:18:25.255;
788000;326;12815;12142;9565;2022-04-22T18:20:16.497;
789000;355;12513;11868;9935;2022-04-22T18:22:03.787;
790000;322;12828;12149;10338;2022-04-22T18:23:53.210;
791000;343;12882;12225;9956;2022-04-22T18:25:41.847;
792000;357;12905;12262;9609;2022-04-22T18:27:31.283;
793000;339;12322;11661;9904;2022-04-22T18:29:15.515;
794000;359;12563;11922;9860;2022-04-22T18:31:02.839;
795000;361;12610;11972;10282;2022-04-22T18:32:50.565;
796000;346;12881;12226;9511;2022-04-22T18:34:42.111;
797000;327;12995;12323;9779;2022-04-22T18:36:31.479;
798000;378;12894;12271;10097;2022-04-22T18:38:22.746;
799000;331;12879;12210;10527;2022-04-22T18:40:12.368;
800000;348;12860;12209;9339;2022-04-22T18:41:59.931;
801000;348;12584;11931;9799;2022-04-22T18:43:46.705;
802000;354;12754;12108;9733;2022-04-22T18:45:36.217;
803000;337;13016;12353;9876;2022-04-22T18:47:27.266;
804000;339;13229;12568;9400;2022-04-22T18:49:19.800;
805000;342;12881;12224;9522;2022-04-22T18:51:08.885;
806000;324;12609;11932;10296;2022-04-22T18:52:57.059;
807000;322;12618;11940;9788;2022-04-22T18:54:41.447;
808000;341;12866;12208;9381;2022-04-22T18:56:32.901;
809000;324;12906;12230;9907;2022-04-22T18:58:21.674;
810000;320;12510;11829;9422;2022-04-22T19:00:08.724;
811000;337;12846;12183;9835;2022-04-22T19:01:58.122;
812000;311;12663;11974;10140;2022-04-22T19:03:45.902;
813000;347;12879;12227;9247;2022-04-22T19:05:37.728;
814000;340;12333;11672;10868;2022-04-22T19:07:22.259;
815000;345;12717;12062;9980;2022-04-22T19:09:10.603;
816000;337;12741;12078;9144;2022-04-22T19:11:00.746;
817000;346;12934;12280;9444;2022-04-22T19:12:51.096;
818000;353;12855;12208;9687;2022-04-22T19:14:41.964;
819000;329;12751;12081;10344;2022-04-22T19:16:31.458;
820000;349;12685;12033;9923;2022-04-22T19:18:20.736;
821000;333;12482;11815;10332;2022-04-22T19:20:08.672;
822000;335;12612;11948;10061;2022-04-22T19:21:54.763;
823000;349;12714;12062;9995;2022-04-22T19:23:44.896;
824000;363;13043;12406;9643;2022-04-22T19:25:36.190;
825000;335;12775;12111;10622;2022-04-22T19:27:25.574;
826000;358;12816;12173;9508;2022-04-22T19:29:17.730;
827000;348;12889;12237;9809;2022-04-22T19:31:06.928;
828000;360;12630;11991;9651;2022-04-22T19:32:57.001;
829000;348;12869;12216;9112;2022-04-22T19:34:46.006;
830000;355;12946;12302;9078;2022-04-22T19:36:39.102;
831000;349;12434;11782;9462;2022-04-22T19:38:45.584;
832000;341;12630;11971;10224;2022-04-22T19:40:49.049;
833000;357;12995;12352;9387;2022-04-22T19:42:43.245;
834000;312;12793;12105;10067;2022-04-22T19:44:38.400;
835000;366;13003;12370;9536;2022-04-22T19:46:29.532;
836000;340;12757;12097;9874;2022-04-22T19:48:39.527;
837000;339;12635;11973;10223;2022-04-22T19:51:02.269;
838000;369;12946;12315;9336;2022-04-22T19:53:29.246;
839000;339;12828;12167;9198;2022-04-22T19:55:54.373;
840000;343;12831;12175;9336;2022-04-22T19:58:20.518;
841000;347;12320;11667;9609;2022-04-22T20:00:38.334;
842000;334;12561;11895;9337;2022-04-22T20:03:01.293;
843000;343;12679;12021;9661;2022-04-22T20:05:25.209;
844000;357;12685;12042;9749;2022-04-22T20:07:52.115;
845000;335;12895;12231;9836;2022-04-22T20:10:19.805;
846000;341;12586;11927;9904;2022-04-22T20:12:41.419;
847000;350;12691;12041;10479;2022-04-22T20:15:09.841;
848000;356;12681;12036;9636;2022-04-22T20:17:35.374;
849000;340;12627;11968;10043;2022-04-22T20:19:57.985;
850000;375;12701;12076;9857;2022-04-22T20:22:19.756;
851000;319;12479;11798;10277;2022-04-22T20:24:42.255;
852000;359;13044;12402;9556;2022-04-22T20:27:09.485;
853000;339;12684;12023;9710;2022-04-22T20:29:33.779;
854000;373;12719;12092;9403;2022-04-22T20:31:56.226;
855000;351;12942;12293;9461;2022-04-22T20:34:24.656;
856000;344;12864;12209;10021;2022-04-22T20:36:52.723;
857000;358;12732;12090;9851;2022-04-22T20:39:16.479;
858000;369;13073;12441;9372;2022-04-22T20:41:43.181;
859000;341;13000;12341;9623;2022-04-22T20:44:12.261;
860000;314;12824;12138;10275;2022-04-22T20:46:36.410;
861000;320;12574;11894;9965;2022-04-22T20:49:01.831;
862000;316;12634;11951;10683;2022-04-22T20:51:27.250;
863000;344;13302;12645;9738;2022-04-22T20:53:59.206;
864000;348;12932;12280;9767;2022-04-22T20:56:28.005;
865000;315;12415;11730;10047;2022-04-22T20:58:51.575;
866000;373;12734;12107;9065;2022-04-22T21:01:16.867;
867000;364;12962;12326;8938;2022-04-22T21:03:43.170;
868000;328;12467;11796;9833;2022-04-22T21:06:05.265;
869000;350;12912;12262;9859;2022-04-22T21:08:30.648;
870000;360;12737;12096;9918;2022-04-22T21:10:55.510;
871000;353;13051;12404;8872;2022-04-22T21:13:20.706;
872000;344;13254;12599;9194;2022-04-22T21:15:52.946;
873000;354;13099;12452;9705;2022-04-22T21:18:19.170;
874000;342;12638;11981;10148;2022-04-22T21:20:41.166;
875000;374;12963;12336;8577;2022-04-22T21:23:05.113;
876000;352;12657;12009;9229;2022-04-22T21:25:26.023;
877000;345;12804;12149;9698;2022-04-22T21:27:50.723;
878000;340;12657;11998;9838;2022-04-22T21:30:16.610;
879000;327;12702;12028;9657;2022-04-22T21:32:41.399;
880000;320;12551;11871;10085;2022-04-22T21:35:03.138;
881000;344;12656;12001;9984;2022-04-22T21:37:26.995;
882000;343;12870;12212;9331;2022-04-22T21:39:53.793;
883000;337;12738;12076;9999;2022-04-22T21:42:19.739;
884000;351;12905;12256;8980;2022-04-22T21:44:48.821;
885000;362;12834;12195;9711;2022-04-22T21:47:17.632;
886000;343;12558;11901;9911;2022-04-22T21:49:42.567;
887000;333;12701;12034;9748;2022-04-22T21:52:06.010;
888000;321;12762;12083;9261;2022-04-22T21:54:31.088;
889000;341;12606;11947;10152;2022-04-22T21:56:54.954;
890000;367;12933;12300;9378;2022-04-22T21:59:23.155;
891000;358;13047;12405;9002;2022-04-22T22:01:51.505;
892000;343;12947;12291;10068;2022-04-22T22:04:18.732;
893000;361;12985;12346;9523;2022-04-22T22:06:45.184;
894000;300;12644;11943;10499;2022-04-22T22:09:11.407;
895000;382;12847;12229;9050;2022-04-22T22:11:37.348;
896000;354;13041;12396;9760;2022-04-22T22:14:05.802;
897000;331;12257;11587;10668;2022-04-22T22:16:23.792;
898000;362;13096;12459;9586;2022-04-22T22:18:52.265;
899000;338;12845;12182;10449;2022-04-22T22:21:20.144;
900000;361;13318;12679;9658;2022-04-22T22:23:52.675;
901000;355;13186;12541;9575;2022-04-22T22:26:21.932;
902000;356;12899;12256;9742;2022-04-22T22:28:48.729;
903000;366;13382;12747;9893;2022-04-22T22:31:20.993;
904000;352;12744;12096;10041;2022-04-22T22:33:45.140;
905000;352;12947;12299;10597;2022-04-22T22:36:11.566;
906000;359;12939;12298;9315;2022-04-22T22:38:36.879;
907000;362;12630;11993;10136;2022-04-22T22:41:00.333;
908000;374;12928;12301;9354;2022-04-22T22:43:27.227;
909000;332;13001;12334;9633;2022-04-22T22:45:55.169;
910000;331;12815;12145;9636;2022-04-22T22:48:21.087;
911000;345;12779;12124;9506;2022-04-22T22:50:47.269;
912000;359;13020;12379;9482;2022-04-22T22:53:14.175;
913000;357;13014;12371;10195;2022-04-22T22:55:41.872;
914000;351;12966;12317;10015;2022-04-22T22:58:10.715;
915000;364;12854;12218;9607;2022-04-22T23:00:36.449;
916000;348;13214;12563;9201;2022-04-22T23:03:07.135;
917000;354;12761;12115;9879;2022-04-22T23:05:30.656;
918000;361;12892;12252;9112;2022-04-22T23:07:57.629;
919000;356;12794;12150;10240;2022-04-22T23:10:22.463;
920000;379;13127;12506;9176;2022-04-22T23:12:51.235;
921000;359;13083;12443;9498;2022-04-22T23:15:17.524;
922000;352;12512;11863;9662;2022-04-22T23:17:39.517;
923000;345;12699;12044;9271;2022-04-22T23:20:03.523;
924000;374;12961;12335;9395;2022-04-22T23:22:29.805;
925000;356;12829;12186;9868;2022-04-22T23:24:54.200;
926000;348;12708;12056;9963;2022-04-22T23:27:16.521;
927000;368;12902;12270;8410;2022-04-22T23:29:41.136;
928000;337;13140;12476;8886;2022-04-22T23:32:10.037;
929000;367;13056;12423;9241;2022-04-22T23:34:36.179;
930000;371;12983;12355;9213;2022-04-22T23:37:03.997;
931000;338;12759;12097;10062;2022-04-22T23:39:28.056;
932000;344;12905;12248;10210;2022-04-22T23:41:53.925;
933000;348;12807;12156;9327;2022-04-22T23:44:15.853;
934000;366;13157;12522;9570;2022-04-22T23:46:43.619;
935000;345;13027;12372;9357;2022-04-22T23:49:11.307;
936000;363;12871;12235;9284;2022-04-22T23:51:36.892;
937000;344;12730;12073;10331;2022-04-22T23:54:02.606;
938000;358;12720;12078;9887;2022-04-22T23:56:28.019;
939000;360;13111;12471;9461;2022-04-22T23:58:58.777;
940000;367;12686;12053;9955;2022-04-23T00:01:24.407;
941000;352;12927;12279;9551;2022-04-23T00:03:51.984;
942000;360;13012;12372;9059;2022-04-23T00:06:19.870;
943000;325;12660;11986;10304;2022-04-23T00:08:43.493;
