totalGamesPlayed;gamesWonInSeries;movesInSeries;correctMovesInSeries;cellsToUnCoverInSeries;
1000;0;3474;0;344122;2022-02-25T00:55:58.202;
2000;0;5544;0;341215;2022-02-25T01:00:06.386;
3000;0;11267;0;330005;2022-02-25T01:07:52.865;
4000;0;14776;0;327258;2022-02-25T01:18:23.461;
5000;0;18785;0;318172;2022-02-25T01:31:17.331;
6000;0;21025;0;314973;2022-02-25T01:45:55.473;
7000;0;24157;0;308546;2022-02-25T02:02:56.509;
8000;0;28359;0;301207;2022-02-25T02:22:27.237;
9000;0;29526;0;298543;2022-02-25T02:42:59.215;
10000;0;33234;0;293397;2022-02-25T03:06:14.509;
11000;0;33238;0;292681;2022-02-25T03:29:12.859;
12000;0;36652;0;287780;2022-02-25T03:54:58.572;
13000;0;38537;0;283649;2022-02-25T04:21:50.285;
14000;0;41768;0;276885;2022-02-25T04:50:44.711;
15000;0;40076;0;280717;2022-02-25T05:18:36.136;
16000;0;43834;0;273789;2022-02-25T05:49:11.576;
17000;0;45427;0;270100;2022-02-25T06:20:55.218;
18000;0;46291;0;271201;2022-02-25T06:52:58.142;
19000;0;46000;0;271029;2022-02-25T07:25:00.925;
20000;0;49320;0;265441;2022-02-25T07:59:31.285;
21000;0;51084;0;261483;2022-02-25T08:35:05.227;
22000;0;52628;0;257943;2022-02-25T09:12:00.655;
23000;1;52583;0;259089;2022-02-25T09:48:40.014;
24000;1;52677;0;259841;2022-02-25T10:25:14.769;
25000;1;52099;0;260097;2022-02-25T11:01:30.857;
26000;1;55579;0;255604;2022-02-25T11:40:14.750;
27000;2;56633;0;253240;2022-02-25T12:19:54.984;
28000;1;55225;0;256704;2022-02-25T12:58:15.383;
29000;1;57970;0;249689;2022-02-25T13:38:55.050;
30000;4;60199;0;246632;2022-02-25T14:21:03.358;
31000;7;61100;0;245226;2022-02-25T15:04:50.164;
32000;6;60690;0;245291;2022-02-25T15:51:02.137;
33000;5;61686;0;244850;2022-02-25T16:36:34.447;
34000;3;56309;0;254076;2022-02-25T17:17:38.086;
35000;5;62070;0;245048;2022-02-25T18:01:20.122;
36000;4;65372;0;238578;2022-02-25T18:46:55.555;
37000;13;65714;0;238323;2022-02-25T19:28:47.711;
38000;8;66463;0;237847;2022-02-25T20:12:21.981;
39000;10;66349;0;238389;2022-02-25T20:55:53.818;
40000;7;68227;0;233473;2022-02-25T21:40:27.397;
41000;13;68975;0;232194;2022-02-25T22:25:37.425;
42000;9;70948;0;228919;2022-02-25T23:12:11.262;
43000;19;65207;0;239696;2022-02-25T23:55:04.611;
44000;17;66436;0;237614;2022-02-26T00:38:38.661;
45000;12;67472;0;235529;2022-02-26T01:22:31.374;
46000;12;74025;0;222143;2022-02-26T02:11:10.357;
47000;12;71147;0;230599;2022-02-26T02:57:37.982;
48000;17;72183;0;227654;2022-02-26T03:44:52.082;
49000;21;72404;0;227296;2022-02-26T04:32:08.354;
50000;14;71228;0;228414;2022-02-26T05:18:29.156;
51000;14;69597;0;231333;2022-02-26T06:04:08.972;
52000;15;71408;0;227730;2022-02-26T06:50:29.700;
53000;18;77245;0;217633;2022-02-26T07:41:00.013;
54000;18;73171;0;226444;2022-02-26T08:28:37.288;
55000;21;74302;0;223453;2022-02-26T09:17:10.468;
56000;24;74844;0;223652;2022-02-26T10:06:04.650;
57000;27;81752;0;213438;2022-02-26T10:59:20.238;
58000;24;77287;0;219092;2022-02-26T11:49:59.914;
59000;23;77894;0;217615;2022-02-26T12:40:37.869;
60000;14;72358;0;227820;2022-02-26T13:28:08.447;
61000;35;80936;0;213461;2022-02-26T14:20:59.848;
62000;23;80193;0;214944;2022-02-26T15:13:11.290;
63000;16;72314;0;224675;2022-02-26T16:00:31.398;
64000;24;81850;0;210825;2022-02-26T16:53:59.733;
65000;33;79685;0;213169;2022-02-26T17:45:55.946;
66000;26;73951;0;225204;2022-02-26T18:34:11.956;
67000;27;77006;0;217972;2022-02-26T19:24:30.857;
68000;26;80178;0;214512;2022-02-26T20:17:13.351;
69000;22;77121;0;219926;2022-02-26T21:08:07.034;
70000;23;77644;0;219630;2022-02-26T21:58:48.620;
71000;34;78822;0;218580;2022-02-26T22:50:20.284;
72000;26;76331;0;221732;2022-02-26T23:40:04.469;
73000;21;77104;0;219632;2022-02-27T00:30:21.518;
74000;28;81971;0;211592;2022-02-27T01:23:59.037;
75000;37;82896;0;208957;2022-02-27T02:18:22.571;
76000;34;81755;0;211158;2022-02-27T03:11:58.499;
77000;27;80915;0;214296;2022-02-27T04:04:49.913;
78000;27;80623;0;213334;2022-02-27T04:57:21.166;
79000;29;78863;0;216067;2022-02-27T05:48:35.243;
80000;32;81856;0;211225;2022-02-27T06:42:06.073;
81000;35;83069;0;211205;2022-02-27T07:36:20.478;
82000;28;82338;0;210962;2022-02-27T08:30:06.433;
83000;39;85359;0;207015;2022-02-27T09:25:54.322;
84000;31;81687;0;210634;2022-02-27T10:19:02.816;
85000;43;89340;0;198550;2022-02-27T11:17:24.842;
86000;48;87594;0;199564;2022-02-27T12:14:31.914;
87000;42;93454;0;189369;2022-02-27T13:15:50.435;
88000;32;81768;0;211384;2022-02-27T14:13:58.320;
89000;36;83145;0;208709;2022-02-27T15:07:55.258;
90000;34;82412;0;210994;2022-02-27T16:01:47.143;
91000;35;81106;0;214183;2022-02-27T16:54:32.325;
92000;39;84491;0;207070;2022-02-27T17:49:43.848;
93000;41;85808;0;203589;2022-02-27T18:45:59.736;
94000;38;85057;0;206589;2022-02-27T19:41:23.123;
95000;41;86972;0;203212;2022-02-27T20:38:02.232;
96000;39;85813;0;205271;2022-02-27T21:34:27.559;
97000;40;86483;0;203257;2022-02-27T22:31:15.926;
98000;42;84191;0;208221;2022-02-27T23:26:19.129;
99000;56;86618;0;204737;2022-02-28T00:23:45.384;
100000;37;82472;0;211108;2022-02-28T01:17:36.118;
101000;46;80920;0;213255;2022-02-28T02:10:00.450;
102000;34;78467;0;217527;2022-02-28T03:01:05.188;
103000;43;85184;0;206383;2022-02-28T03:56:47.957;
104000;49;86625;0;204926;2022-02-28T04:53:12.880;
105000;39;85076;0;205052;2022-02-28T05:48:36.389;
106000;52;84807;0;206796;2022-02-28T06:43:59.755;
107000;36;85719;0;206251;2022-02-28T07:39:45.966;
108000;49;83463;0;208977;2022-02-28T08:34:09.219;
109000;46;84662;0;206367;2022-02-28T09:29:25.661;
110000;42;87412;0;201629;2022-02-28T10:26:48.347;
111000;43;83127;0;208838;2022-02-28T11:20:59.474;
112000;50;90920;0;195687;2022-02-28T12:20:24.224;
113000;65;92117;0;194627;2022-02-28T13:25:59.920;
114000;47;84765;0;205626;2022-02-28T14:21:07.309;
115000;58;92933;0;192979;2022-02-28T15:21:47.022;
116000;52;91951;0;195031;2022-02-28T16:21:45.347;
117000;44;94944;0;189244;2022-02-28T17:23:35.305;
118000;48;91759;0;194264;2022-02-28T18:23:00.789;
119000;41;88938;0;199251;2022-02-28T19:20:56.174;
120000;70;96004;0;187149;2022-02-28T20:23:33.257;
121000;58;91012;0;196616;2022-02-28T21:23:03.046;
122000;48;92978;0;191694;2022-02-28T22:23:40.436;
123000;42;92736;0;194124;2022-02-28T23:24:15.318;
124000;57;92559;0;194747;2022-03-01T00:24:28.451;
125000;52;91055;0;195466;2022-03-01T01:23:46.745;
126000;50;94586;0;191855;2022-03-01T02:25:18.247;
127000;63;93170;0;193554;2022-03-01T03:25:51.362;
128000;59;90232;0;198316;2022-03-01T04:24:50.810;
129000;51;92553;0;195785;2022-03-01T05:25:08.868;
130000;56;93374;0;192292;2022-03-01T06:26:08.125;
131000;61;92811;0;194088;2022-03-01T07:26:30.734;
132000;55;89827;0;198180;2022-03-01T08:25:11.831;
133000;57;87548;0;203347;2022-03-01T09:22:23.619;
134000;51;88925;0;198705;2022-03-01T10:20:37.582;
135000;52;93564;0;191770;2022-03-01T11:21:47.763;
136000;57;89278;0;199562;2022-03-01T12:20:31.965;
137000;47;94466;0;188889;2022-03-01T13:22:22.977;
138000;55;92337;0;193015;2022-03-01T14:22:50.434;
139000;73;94806;0;190234;2022-03-01T15:24:44.503;
140000;47;82714;0;209392;2022-03-01T16:18:33.393;
141000;52;88118;0;201811;2022-03-01T17:15:55.939;
142000;57;93246;0;192874;2022-03-01T18:16:47.054;
143000;58;93687;0;192323;2022-03-01T19:17:49.621;
144000;47;89019;0;201537;2022-03-01T20:15:52.172;
145000;46;84633;0;207258;2022-03-01T21:11:23.668;
146000;58;93238;0;192669;2022-03-01T22:12:03.974;
147000;62;90160;0;197641;2022-03-01T23:11:58.339;
148000;57;86424;0;203954;2022-03-02T00:08:43.087;
149000;51;90555;0;197376;2022-03-02T01:07:44.423;
150000;52;89717;0;198102;2022-03-02T02:06:28.445;
151000;55;88962;0;198857;2022-03-02T03:04:30.752;
152000;52;87219;0;203814;2022-03-02T04:01:22.579;
153000;74;95154;0;189646;2022-03-02T05:03:20.771;
154000;52;94178;0;190418;2022-03-02T06:04:58.418;
155000;61;94137;0;193068;2022-03-02T07:06:17.099;
156000;72;95355;0;190523;2022-03-02T08:08:39.043;
157000;61;92890;0;194178;2022-03-02T09:09:17.090;
158000;64;91214;0;196779;2022-03-02T10:08:39.116;
159000;46;87918;0;201066;2022-03-02T11:06:01.805;
160000;48;86240;0;205588;2022-03-02T12:02:13.912;
161000;46;83009;0;210253;2022-03-02T12:56:34.092;
162000;56;90202;0;199690;2022-03-02T13:55:52.165;
163000;57;90368;0;197921;2022-03-02T14:56:38.683;
164000;54;90006;0;196227;2022-03-02T16:00:36.165;
165000;70;96602;0;188501;2022-03-02T17:03:31.927;
166000;71;91119;0;197082;2022-03-02T18:02:33.424;
167000;69;95591;0;187575;2022-03-02T19:04:25.951;
168000;63;98712;0;183014;2022-03-02T20:08:35.324;
169000;51;90170;0;197192;2022-03-02T21:06:53.343;
170000;59;93801;0;191031;2022-03-02T22:12:46.916;
171000;67;90722;0;197827;2022-03-02T23:11:37.410;
172000;66;93305;0;192476;2022-03-03T00:12:09.953;
173000;52;93097;0;192616;2022-03-03T01:12:26.180;
174000;66;96655;0;188537;2022-03-03T02:14:59.662;
175000;56;91585;0;196289;2022-03-03T03:14:16.524;
176000;66;93266;0;193842;2022-03-03T04:14:54.203;
177000;57;96351;0;187192;2022-03-03T05:17:12.666;
178000;55;87806;0;202476;2022-03-03T06:14:12.501;
179000;59;83949;0;206542;2022-03-03T07:08:57.814;
180000;54;89211;0;199678;2022-03-03T08:06:35.858;
181000;69;91858;0;194141;2022-03-03T09:06:08.168;
182000;58;88630;0;201749;2022-03-03T10:03:28.135;
183000;61;91852;0;194538;2022-03-03T11:04:02.612;
184000;58;85728;0;205781;2022-03-03T12:00:52.381;
185000;59;92402;0;194151;2022-03-03T13:00:57.160;
186000;55;91138;0;197591;2022-03-03T14:00:39.068;
187000;62;91528;0;197206;2022-03-03T15:00:16.481;
188000;50;86626;0;204206;2022-03-03T15:56:37.297;
189000;55;91729;0;195204;2022-03-03T16:56:58.869;
190000;58;92095;0;195208;2022-03-03T17:56:52.415;
191000;59;94527;0;191345;2022-03-03T18:57:49.704;
192000;59;84214;0;209728;2022-03-03T19:52:00.012;
193000;60;85584;0;205365;2022-03-03T20:47:08.262;
194000;59;89226;0;199519;2022-03-03T21:49:51.346;
195000;75;91623;0;195883;2022-03-03T22:48:51.034;
196000;60;88510;0;200542;2022-03-03T23:45:54.804;
197000;68;86449;0;204949;2022-03-04T00:41:39.856;
198000;68;89065;0;200447;2022-03-04T01:39:03.417;
199000;61;81507;0;213145;2022-03-04T02:31:57.036;
200000;57;87932;0;201503;2022-03-04T03:28:55.148;
201000;52;87137;0;203551;2022-03-04T04:25:16.974;
202000;58;89629;0;199305;2022-03-04T05:23:16.146;
203000;63;90257;0;197066;2022-03-04T06:21:50.008;
204000;71;93897;0;192366;2022-03-04T07:22:38.870;
205000;51;85001;0;207250;2022-03-04T08:17:42.303;
206000;55;80955;0;214112;2022-03-04T09:10:06.944;
207000;59;90766;0;197403;2022-03-04T10:08:44.333;
208000;42;86922;0;204841;2022-03-04T11:05:05.313;
209000;61;90128;0;197647;2022-03-04T12:03:25.128;
210000;64;90713;0;196326;2022-03-04T13:02:18.894;
211000;50;84038;0;210973;2022-03-04T13:56:43.017;
212000;72;97511;0;186366;2022-03-04T15:00:33.126;
213000;54;90731;0;196031;2022-03-04T16:05:35.369;
214000;68;90676;0;196998;2022-03-04T17:07:13.372;
215000;67;97222;0;185457;2022-03-04T18:10:02.415;
216000;72;92016;0;195887;2022-03-04T19:09:38.629;
217000;64;88771;0;200808;2022-03-04T20:07:17.434;
218000;69;94189;0;189739;2022-03-04T21:08:14.736;
219000;75;95307;0;189014;2022-03-04T22:10:05.322;
220000;62;91711;0;194476;2022-03-04T23:09:41.794;
221000;69;92390;0;194089;2022-03-05T00:09:40.590;
222000;61;92232;0;195995;2022-03-05T01:09:19.875;
223000;76;91368;0;198430;2022-03-05T02:08:38.232;
224000;62;88390;0;201778;2022-03-05T03:05:57.395;
225000;65;90644;0;197743;2022-03-05T04:04:42.515;
226000;59;88403;0;201022;2022-03-05T05:02:02.885;
227000;68;92041;0;196221;2022-03-05T06:01:40.979;
228000;70;87626;0;203482;2022-03-05T06:58:24.257;
229000;69;90156;0;198286;2022-03-05T07:56:48.348;
230000;56;88021;0;203153;2022-03-05T08:54:08.380;
231000;63;87891;0;203117;2022-03-05T09:50:54.105;
232000;70;90036;0;197022;2022-03-05T10:49:11.193;
233000;66;87834;0;202325;2022-03-05T11:46:12.327;
234000;47;79267;0;217408;2022-03-05T12:37:42.085;
235000;55;85757;0;205992;2022-03-05T13:33:29.110;
236000;68;88187;0;204597;2022-03-05T14:33:38.568;
237000;69;88034;0;200973;2022-03-05T15:39:07.092;
238000;63;84375;0;209118;2022-03-05T16:43:01.053;
239000;68;88318;0;202868;2022-03-05T17:50:23.330;
240000;55;87882;0;201798;2022-03-05T18:57:19.853;
241000;64;85690;0;206129;2022-03-05T20:02:27.211;
242000;68;92268;0;194316;2022-03-05T21:12:50.304;
243000;62;84275;0;207287;2022-03-05T22:16:41.351;
244000;72;86636;0;203856;2022-03-05T23:22:31.374;
245000;64;89367;0;199872;2022-03-06T00:30:38.274;
246000;45;84630;0;208305;2022-03-06T01:34:56.622;
247000;63;92791;0;194510;2022-03-06T02:45:42.103;
248000;67;89629;0;200607;2022-03-06T03:53:49.778;
249000;69;89032;0;200268;2022-03-06T05:01:29.563;
250000;59;85672;0;205147;2022-03-06T06:07:00.777;
251000;47;86820;0;204853;2022-03-06T07:12:58.993;
252000;53;84531;0;208794;2022-03-06T08:17:28.171;
253000;56;84446;0;206201;2022-03-06T09:21:49.482;
254000;67;92347;0;196234;2022-03-06T10:32:09.188;
255000;56;85180;0;207126;2022-03-06T11:36:49.656;
256000;54;83704;0;209666;2022-03-06T12:40:38.906;
257000;59;84006;0;206773;2022-03-06T13:44:29.394;
258000;76;91897;0;194630;2022-03-06T14:54:26.847;
259000;81;93484;0;190616;2022-03-06T16:05:11.975;
260000;50;89015;0;201315;2022-03-06T17:13:11.094;
261000;63;92475;0;194208;2022-03-06T18:23:21.585;
262000;54;89748;0;197460;2022-03-06T19:31:51.542;
263000;60;85055;0;205804;2022-03-06T20:36:35.364;
264000;59;89077;0;199503;2022-03-06T21:44:13.551;
265000;69;85431;0;207083;2022-03-06T22:49:27.347;
266000;66;86925;0;204656;2022-03-06T23:55:41.573;
267000;60;86568;0;204618;2022-03-07T01:01:32.307;
268000;68;89318;0;199651;2022-03-07T02:09:38.802;
269000;73;90941;0;196847;2022-03-07T03:18:52.005;
270000;79;94822;0;190998;2022-03-07T04:31:02.995;
271000;68;89701;0;198673;2022-03-07T05:39:28.570;
272000;70;88922;0;200352;2022-03-07T06:46:54.163;
273000;68;89166;0;199936;2022-03-07T07:54:59.105;
274000;90;92297;0;195657;2022-03-07T09:05:02.321;
275000;56;87518;0;202185;2022-03-07T10:11:39.323;
276000;64;91957;0;195141;2022-03-07T11:21:41.078;
277000;55;87620;0;202858;2022-03-07T12:28:35.430;
278000;72;85633;0;206210;2022-03-07T13:33:39.717;
279000;59;84260;0;209271;2022-03-07T14:37:38.322;
280000;66;88026;0;203789;2022-03-07T15:44:41.739;
281000;58;85511;0;205575;2022-03-07T16:49:39.928;
282000;54;90296;0;198614;2022-03-07T17:58:27.435;
283000;78;101982;0;180249;2022-03-07T19:15:54.082;
284000;66;93813;0;191698;2022-03-07T20:27:19.668;
285000;64;89906;0;196901;2022-03-07T21:35:20.186;
286000;63;85168;0;208206;2022-03-07T22:40:20.619;
287000;65;89133;0;199789;2022-03-07T23:47:58.999;
288000;84;94743;0;191075;2022-03-08T01:00:15.077;
289000;65;86264;0;204672;2022-03-08T02:05:36.648;
290000;59;89452;0;199578;2022-03-08T03:13:59.666;
291000;65;94792;0;190052;2022-03-08T04:26:13.166;
292000;60;92471;0;195037;2022-03-08T05:36:17.269;
293000;78;94015;0;191564;2022-03-08T06:48:08.293;
294000;69;84056;0;210369;2022-03-08T07:52:00.401;
295000;69;84872;0;207669;2022-03-08T08:56:15.871;
296000;61;90305;0;197613;2022-03-08T10:05:03.516;
297000;52;85050;0;206630;2022-03-08T11:09:48.941;
298000;65;88440;0;201462;2022-03-08T12:17:31.165;
299000;61;86968;0;204187;2022-03-08T13:23:50.623;
300000;75;92103;0;194650;2022-03-08T14:33:58.754;
301000;76;86955;0;204217;2022-03-08T15:40:21.033;
302000;81;96640;0;187292;2022-03-08T16:53:55.149;
303000;64;90773;0;198380;2022-03-08T18:03:13.523;
304000;60;89635;0;200422;2022-03-08T19:11:24.213;
305000;69;92145;0;194310;2022-03-08T20:21:25.599;
306000;72;91125;0;195064;2022-03-08T21:31:03.585;
307000;64;90776;0;197966;2022-03-08T22:40:02.047;
308000;71;89844;0;197355;2022-03-08T23:48:36.640;
309000;72;84648;0;206351;2022-03-09T00:53:01.130;
310000;74;91699;0;196546;2022-03-09T02:03:01.162;
311000;64;90777;0;198129;2022-03-09T03:12:01.128;
312000;79;95284;0;189994;2022-03-09T04:24:47.620;
313000;53;86313;0;203769;2022-03-09T05:30:22.068;
314000;61;89900;0;199705;2022-03-09T06:39:00.849;
315000;75;96234;0;187728;2022-03-09T07:52:38.812;
316000;65;88199;0;202046;2022-03-09T08:59:47.080;
317000;57;87265;0;201686;2022-03-09T10:06:30.944;
318000;63;84260;0;210324;2022-03-09T11:10:50.549;
319000;65;89060;0;201118;2022-03-09T12:18:42.451;
320000;74;92421;0;194093;2022-03-09T13:29:10.853;
321000;59;88161;0;202886;2022-03-09T14:36:13.089;
322000;76;90036;0;198784;2022-03-09T15:44:52.789;
323000;70;92717;0;195592;2022-03-09T16:55:41.812;
324000;77;84203;0;209754;2022-03-09T17:59:45.161;
325000;61;84997;0;207242;2022-03-09T19:04:24.918;
326000;68;91850;0;195968;2022-03-09T20:14:27.051;
327000;67;96890;0;187814;2022-03-09T21:28:18.222;
328000;84;100119;0;180149;2022-03-09T22:44:31.571;
329000;66;90050;0;197720;2022-03-09T23:53:07.106;
330000;57;91516;0;195559;2022-03-10T01:02:43.836;
331000;50;84903;0;207033;2022-03-10T02:07:27.208;
332000;71;89986;0;197921;2022-03-10T03:15:53.201;
333000;84;92335;0;196279;2022-03-10T04:26:19.343;
334000;89;94433;0;191062;2022-03-10T05:37:59.327;
335000;75;94496;0;191712;2022-03-10T06:49:58.996;
336000;83;97838;0;186738;2022-03-10T08:04:49.011;
337000;76;93634;0;193292;2022-03-10T09:16:03.039;
338000;54;81584;0;215442;2022-03-10T10:18:24.577;
339000;51;82951;0;211332;2022-03-10T11:21:18.084;
340000;69;87163;0;203330;2022-03-10T12:27:59.267;
341000;69;84052;0;209663;2022-03-10T13:31:58.167;
342000;68;89094;0;200842;2022-03-10T14:39:43.812;
343000;61;90477;0;198108;2022-03-10T15:48:41.598;
344000;74;90268;0;196664;2022-03-10T16:57:33.326;
345000;76;89767;0;198629;2022-03-10T18:05:43.702;
346000;55;90711;0;199043;2022-03-10T19:14:40.897;
347000;77;96199;0;187597;2022-03-10T20:28:07.056;
348000;75;95005;0;188881;2022-03-10T21:41:54.042;
349000;62;88592;0;201434;2022-03-10T22:45:47.610;
350000;91;98319;0;184540;2022-03-10T23:43:58.266;
351000;67;92101;0;195221;2022-03-11T00:50:17.093;
352000;70;94866;0;190642;2022-03-11T01:54:30.362;
353000;85;100186;0;181668;2022-03-11T03:00:55.313;
354000;72;94250;0;192822;2022-03-11T04:03:44.770;
355000;69;87470;0;202745;2022-03-11T05:01:39.324;
356000;71;89695;0;198260;2022-03-11T06:01:28.226;
357000;70;88580;0;202603;2022-03-11T07:00:16.330;
358000;61;81412;0;212766;2022-03-11T07:54:20.642;
359000;57;86058;0;206557;2022-03-11T08:51:36.788;
360000;70;92295;0;193852;2022-03-11T09:53:43.963;
361000;64;83835;0;210070;2022-03-11T10:49:11.481;
362000;71;91222;0;194198;2022-03-11T11:49:49;
363000;63;85197;0;207146;2022-03-11T12:46:11.625;
364000;80;86694;0;204345;2022-03-11T13:43:42.151;
365000;75;90249;0;198543;2022-03-11T14:46:26.049;
366000;61;84711;0;208829;2022-03-11T16:00:28.547;
367000;56;84674;0;207554;2022-03-11T17:24:00.738;
368000;64;85629;0;206459;2022-03-11T18:42:27.680;
