totalGamesPlayed;gamesWonInSeries;movesInSeries;correctMovesInSeries;cellsToUnCoverInSeries;timestamp;
1000;2;3789;0;31861;2022-03-10T23:30:08.984;
2000;94;9881;0;17158;2022-03-10T23:31:44.441;
3000;317;13471;0;10685;2022-03-10T23:33:54.517;
4000;489;15284;0;8237;2022-03-10T23:36:19.875;
5000;635;16787;0;6151;2022-03-10T23:39:00.043;
6000;642;17083;0;6633;2022-03-10T23:41:45.524;
7000;711;17286;0;5456;2022-03-10T23:44:32.165;
8000;742;17847;0;5402;2022-03-10T23:47:24.242;
9000;790;18087;0;3969;2022-03-10T23:50:54.679;
10000;771;17707;0;5565;2022-03-10T23:53:49.015;
11000;803;17827;0;5027;2022-03-10T23:56:40.166;
12000;794;17462;0;4415;2022-03-10T23:59:44.218;
13000;828;18207;0;4624;2022-03-11T00:02:49.850;
14000;817;17663;0;5026;2022-03-11T00:05:44.256;
15000;810;17798;0;5210;2022-03-11T00:09:28.914;
16000;796;17845;0;4890;2022-03-11T00:12:50.393;
17000;823;18222;0;4357;2022-03-11T00:15:58.763;
18000;829;18146;0;4806;2022-03-11T00:18:52.233;
19000;833;18134;0;4515;2022-03-11T00:21:47.325;
20000;836;17956;0;4490;2022-03-11T00:25:04.157;
21000;834;18157;0;4638;2022-03-11T00:28:23.885;
22000;840;17996;0;4761;2022-03-11T00:31:23.111;
23000;820;17841;0;5418;2022-03-11T00:34:16.644;
24000;842;18146;0;4821;2022-03-11T00:37:13.404;
25000;843;17876;0;4516;2022-03-11T00:40:08.466;
26000;847;18122;0;5123;2022-03-11T00:43:06.805;
27000;855;18044;0;4248;2022-03-11T00:46;
28000;852;18292;0;4321;2022-03-11T00:48:56.009;
29000;852;18506;0;4017;2022-03-11T00:53:18.549;
30000;857;18091;0;4162;2022-03-11T00:56:13.741;
31000;857;18570;0;3846;2022-03-11T00:59:12.402;
32000;859;18179;0;4245;2022-03-11T01:02:08.497;
33000;852;18436;0;4528;2022-03-11T01:05:08.757;
34000;863;18294;0;4204;2022-03-11T01:08:04.808;
35000;843;18081;0;4957;2022-03-11T01:10:59.119;
36000;864;18494;0;4596;2022-03-11T01:13:57.184;
37000;861;18329;0;4143;2022-03-11T01:16:51.648;
38000;860;17946;0;4787;2022-03-11T01:19:42.300;
39000;868;18274;0;4376;2022-03-11T01:22:38.151;
40000;861;17970;0;4433;2022-03-11T01:25:32.048;
41000;859;18185;0;4326;2022-03-11T01:28:27.026;
42000;839;18207;0;5045;2022-03-11T01:31:19.716;
43000;865;18275;0;3997;2022-03-11T01:34:16.626;
44000;858;18333;0;3746;2022-03-11T01:37:12.338;
45000;867;18425;0;4442;2022-03-11T01:40:09.047;
46000;861;18271;0;4528;2022-03-11T01:43:04.267;
47000;855;18087;0;4414;2022-03-11T01:45:56.047;
48000;848;18251;0;4058;2022-03-11T01:48:53.691;
49000;859;17955;0;3941;2022-03-11T01:51:46.351;
50000;857;18003;0;5099;2022-03-11T01:54:37.735;
51000;852;18261;0;4525;2022-03-11T01:57:33.254;
52000;863;18127;0;4228;2022-03-11T02:00:29.466;
53000;881;18695;0;3441;2022-03-11T02:03:28.869;
54000;878;19161;0;3594;2022-03-11T02:06:30.726;
55000;858;18403;0;4611;2022-03-11T02:09:29.368;
56000;876;17976;0;4522;2022-03-11T02:12:24.790;
57000;869;18237;0;4493;2022-03-11T02:15:20.282;
58000;847;18120;0;4690;2022-03-11T02:18:12.819;
59000;874;18298;0;3817;2022-03-11T02:21:09.201;
60000;875;18424;0;4357;2022-03-11T02:24:05.446;
61000;882;18417;0;3966;2022-03-11T02:27:03.845;
62000;883;18627;0;3559;2022-03-11T02:30:02.410;
63000;868;18380;0;3482;2022-03-11T02:32:59.659;
64000;866;18516;0;4402;2022-03-11T02:35:55.207;
65000;871;18269;0;4019;2022-03-11T02:38:50.363;
66000;870;18044;0;3999;2022-03-11T02:41:42.926;
67000;858;18482;0;4277;2022-03-11T02:44:40.221;
68000;882;18701;0;3541;2022-03-11T02:47:38.854;
69000;872;18536;0;3745;2022-03-11T02:50:36.970;
70000;874;18777;0;3836;2022-03-11T02:53:36.878;
71000;877;18648;0;3708;2022-03-11T02:56:36.304;
72000;881;18190;0;3558;2022-03-11T02:59:31.306;
73000;886;18509;0;3377;2022-03-11T03:02:26.177;
74000;883;18996;0;3372;2022-03-11T03:05:28.293;
75000;884;18258;0;3670;2022-03-11T03:08:22.059;
76000;869;18516;0;3812;2022-03-11T03:11:18.832;
77000;888;18801;0;3890;2022-03-11T03:14:20.538;
78000;880;18266;0;3422;2022-03-11T03:17:13.611;
79000;886;18499;0;3752;2022-03-11T03:20:11.983;
80000;895;18897;0;2749;2022-03-11T03:23:13.941;
81000;891;18457;0;3238;2022-03-11T03:26:12.871;
82000;894;18897;0;3507;2022-03-11T03:29:13.884;
83000;883;19053;0;3272;2022-03-11T03:32:15.861;
84000;859;18110;0;4536;2022-03-11T03:35:11.145;
85000;876;18571;0;3944;2022-03-11T03:38:10.855;
86000;882;18526;0;4004;2022-03-11T03:41:10.041;
87000;893;19033;0;3451;2022-03-11T03:44:12.206;
88000;883;18924;0;4036;2022-03-11T03:47:15.144;
89000;880;18646;0;3248;2022-03-11T03:50:13.346;
90000;874;18372;0;4372;2022-03-11T03:53:08.884;
91000;881;18116;0;4120;2022-03-11T03:56:05.656;
92000;874;18258;0;3893;2022-03-11T03:59:01.984;
93000;891;19049;0;3296;2022-03-11T04:02:05.001;
94000;893;18550;0;3717;2022-03-11T04:05:04.567;
95000;876;18439;0;3855;2022-03-11T04:08:03.082;
96000;887;18789;0;3160;2022-03-11T04:11:03.264;
97000;893;18755;0;3393;2022-03-11T04:14:03.543;
98000;892;18563;0;3317;2022-03-11T04:17:02.553;
99000;871;18562;0;3974;2022-03-11T04:20:01.044;
100000;897;18576;0;3044;2022-03-11T04:22:59.826;
101000;899;18807;0;3207;2022-03-11T04:26:00.350;
102000;878;18810;0;4203;2022-03-11T04:29:00.820;
103000;877;18603;0;3360;2022-03-11T04:32:00.976;
104000;899;18948;0;3527;2022-03-11T04:35:02.036;
105000;910;18720;0;2756;2022-03-11T04:38:01.684;
106000;873;18605;0;4133;2022-03-11T04:41:00.436;
107000;889;18751;0;3265;2022-03-11T04:43:59.731;
108000;875;18375;0;4266;2022-03-11T04:47:01.843;
109000;897;18635;0;3687;2022-03-11T04:50:00.723;
110000;890;18800;0;3440;2022-03-11T04:53:00.893;
111000;893;19164;0;3140;2022-03-11T04:56:05.257;
112000;900;19169;0;3131;2022-03-11T04:59:11.541;
113000;889;18658;0;3315;2022-03-11T05:02:10.065;
114000;866;18386;0;4703;2022-03-11T05:05:04.383;
115000;886;18490;0;3563;2022-03-11T05:08:02.614;
116000;887;18480;0;3700;2022-03-11T05:11:00.214;
117000;894;18914;0;3526;2022-03-11T05:14:03.674;
118000;894;18764;0;3369;2022-03-11T05:17:04.623;
119000;882;18261;0;3315;2022-03-11T05:19:58.301;
120000;876;18470;0;3894;2022-03-11T05:22:57.083;
121000;888;19115;0;3501;2022-03-11T05:26:00.232;
122000;899;18929;0;3476;2022-03-11T05:29:03.653;
123000;895;18726;0;3108;2022-03-11T05:32:01.203;
124000;890;18526;0;3663;2022-03-11T05:34:59.707;
125000;886;18582;0;3496;2022-03-11T05:37:57.548;
126000;900;18767;0;2957;2022-03-11T05:40:59.005;
127000;917;19180;0;2629;2022-03-11T05:44:05.012;
128000;883;18660;0;3387;2022-03-11T05:47:03.182;
129000;880;18674;0;3632;2022-03-11T05:50:02.252;
130000;879;18606;0;4258;2022-03-11T05:53:00.056;
131000;888;18562;0;3172;2022-03-11T05:55:58.698;
132000;893;18877;0;2997;2022-03-11T05:59:00.614;
133000;874;18532;0;4300;2022-03-11T06:01:59.679;
134000;898;18754;0;3139;2022-03-11T06:04:59.294;
135000;890;18610;0;3457;2022-03-11T06:07:58.845;
136000;884;18733;0;3724;2022-03-11T06:10:58.499;
137000;903;18447;0;3098;2022-03-11T06:13:56.582;
138000;898;18280;0;3275;2022-03-11T06:16:51.573;
139000;897;18660;0;3553;2022-03-11T06:19:50.397;
140000;881;18885;0;3261;2022-03-11T06:22:52.720;
141000;888;18225;0;3783;2022-03-11T06:25:45.902;
142000;901;18957;0;3373;2022-03-11T06:28:49.181;
143000;887;18705;0;3821;2022-03-11T06:31:47.990;
144000;892;18744;0;3616;2022-03-11T06:34:46.740;
145000;870;18597;0;3385;2022-03-11T06:37:45.779;
146000;905;18943;0;3187;2022-03-11T06:40:49.433;
147000;905;18600;0;2878;2022-03-11T06:43:48.124;
148000;890;18701;0;3197;2022-03-11T06:46:48.151;
149000;886;19160;0;3288;2022-03-11T06:49:52.768;
150000;896;19016;0;3158;2022-03-11T06:52:55.684;
151000;897;18716;0;3397;2022-03-11T06:55:55.470;
152000;881;18211;0;3998;2022-03-11T06:58:50.690;
153000;889;19051;0;3453;2022-03-11T07:01:54.865;
154000;895;18780;0;3358;2022-03-11T07:04:55.127;
155000;901;18941;0;3447;2022-03-11T07:07:56.477;
156000;896;19289;0;2936;2022-03-11T07:11:04.708;
157000;894;18861;0;3393;2022-03-11T07:14:05.822;
158000;886;18711;0;3349;2022-03-11T07:17:06.976;
159000;892;18576;0;2942;2022-03-11T07:20:04.439;
160000;884;18444;0;3716;2022-03-11T07:23:01.806;
161000;877;18443;0;4101;2022-03-11T07:25:59.020;
162000;893;18982;0;2963;2022-03-11T07:29:03.047;
163000;904;18950;0;2967;2022-03-11T07:32:04.622;
164000;909;19074;0;3170;2022-03-11T07:35:06.712;
165000;902;18556;0;3140;2022-03-11T07:38:05.811;
166000;901;18341;0;3029;2022-03-11T07:41:01.694;
167000;908;18709;0;2945;2022-03-11T07:44:01.416;
168000;902;19023;0;2647;2022-03-11T07:47:02.674;
169000;900;18765;0;2864;2022-03-11T07:50:02.768;
170000;896;18477;0;2968;2022-03-11T07:53:00.641;
171000;914;18696;0;2677;2022-03-11T07:55:59.716;
172000;916;19232;0;2533;2022-03-11T07:59:01.727;
173000;905;18751;0;2627;2022-03-11T08:02:03.621;
174000;900;18688;0;2679;2022-03-11T08:05:01.994;
175000;886;18621;0;3591;2022-03-11T08:08:00.447;
176000;903;18896;0;3000;2022-03-11T08:11:01.548;
177000;903;19131;0;2786;2022-03-11T08:14:04.767;
178000;902;18942;0;2325;2022-03-11T08:17:04.937;
179000;907;19226;0;3093;2022-03-11T08:20:08.661;
180000;896;18664;0;3072;2022-03-11T08:23:07.981;
181000;901;18745;0;3008;2022-03-11T08:26:07.799;
182000;893;18872;0;3360;2022-03-11T08:29:11.477;
183000;911;18712;0;2900;2022-03-11T08:32:11.792;
184000;900;18715;0;3502;2022-03-11T08:35:11.266;
185000;906;18689;0;2780;2022-03-11T08:38:09.985;
186000;894;18976;0;3290;2022-03-11T08:41:12.119;
187000;872;18261;0;4023;2022-03-11T08:44:06.206;
188000;891;18607;0;3515;2022-03-11T08:47:03.844;
189000;885;18817;0;3375;2022-03-11T08:50:04.191;
190000;901;18740;0;3417;2022-03-11T08:53:04.672;
191000;880;18436;0;4316;2022-03-11T08:56:04.030;
192000;895;18850;0;2964;2022-03-11T08:59:08.414;
193000;905;19148;0;2897;2022-03-11T09:02:15.605;
194000;892;18734;0;3441;2022-03-11T09:05:16.032;
195000;895;18802;0;2628;2022-03-11T09:08:16.707;
196000;889;19016;0;3654;2022-03-11T09:11:20.044;
197000;891;18560;0;3320;2022-03-11T09:14:16.088;
198000;906;18681;0;2708;2022-03-11T09:17:16.465;
199000;901;18894;0;3498;2022-03-11T09:20:17.113;
200000;885;18830;0;3220;2022-03-11T09:23:16.515;
201000;912;18863;0;2395;2022-03-11T09:26:18.392;
202000;899;18776;0;3314;2022-03-11T09:29:17.299;
203000;913;19221;0;2316;2022-03-11T09:32:23.093;
204000;901;19025;0;2799;2022-03-11T09:35:24.296;
205000;901;18688;0;2973;2022-03-11T09:38:23.183;
206000;901;18721;0;2729;2022-03-11T09:41:20.477;
207000;913;18874;0;2427;2022-03-11T09:44:21.408;
208000;903;18842;0;3246;2022-03-11T09:47:22.357;
209000;911;19240;0;2698;2022-03-11T09:50:26.103;
210000;905;18911;0;2412;2022-03-11T09:53:26.513;
211000;913;19407;0;2595;2022-03-11T09:56:32.259;
212000;905;19326;0;2974;2022-03-11T09:59:38.498;
213000;889;18629;0;3472;2022-03-11T10:02:35.760;
214000;925;18922;0;2439;2022-03-11T10:05:35.500;
215000;903;18499;0;2979;2022-03-11T10:08:33.083;
216000;904;18837;0;3122;2022-03-11T10:11:33.117;
217000;904;18490;0;3142;2022-03-11T10:14:28.919;
218000;906;18589;0;2539;2022-03-11T10:17:26.662;
219000;890;18785;0;3091;2022-03-11T10:20:29.780;
220000;912;18716;0;2865;2022-03-11T10:23:28.766;
221000;912;18692;0;2443;2022-03-11T10:26:28.165;
222000;901;18961;0;3172;2022-03-11T10:29:29.255;
223000;907;18863;0;2929;2022-03-11T10:32:31.286;
224000;891;19008;0;3164;2022-03-11T10:35:34.440;
225000;901;18917;0;3381;2022-03-11T10:38:34.503;
226000;903;19022;0;3440;2022-03-11T10:41:34.822;
227000;893;18828;0;3028;2022-03-11T10:44:33.695;
228000;903;19274;0;2430;2022-03-11T10:47:38.251;
229000;928;19069;0;1932;2022-03-11T10:50:42.307;
230000;900;18407;0;3153;2022-03-11T10:53:37.954;
231000;903;19041;0;2798;2022-03-11T10:56:41.291;
232000;903;18568;0;3503;2022-03-11T10:59:37.349;
233000;891;18702;0;3515;2022-03-11T11:02:36.614;
234000;907;19108;0;2714;2022-03-11T11:05:40.219;
235000;920;18817;0;2333;2022-03-11T11:08:39.603;
236000;896;18617;0;3253;2022-03-11T11:11:37.012;
237000;911;19031;0;2523;2022-03-11T11:14:39.029;
238000;904;19253;0;2612;2022-03-11T11:17:42.142;
239000;909;19151;0;2534;2022-03-11T11:20:44.973;
240000;900;18710;0;3124;2022-03-11T11:23:44.564;
241000;912;19106;0;2911;2022-03-11T11:26:47.670;
242000;902;18974;0;3106;2022-03-11T11:29:50.736;
243000;895;18511;0;2970;2022-03-11T11:32:48.144;
244000;896;18863;0;3147;2022-03-11T11:35:49.459;
245000;913;18985;0;2816;2022-03-11T11:38:50.611;
246000;908;18965;0;2792;2022-03-11T11:41:52.091;
247000;897;19065;0;3110;2022-03-11T11:44:53.127;
248000;909;18952;0;2744;2022-03-11T11:47:53.686;
249000;898;18738;0;2634;2022-03-11T11:50:51.813;
250000;910;18681;0;2299;2022-03-11T11:53:50.547;
251000;896;18740;0;2766;2022-03-11T11:56:49.231;
252000;924;19325;0;2426;2022-03-11T11:59:54.369;
253000;910;18807;0;3235;2022-03-11T12:02:55.460;
254000;899;19091;0;2889;2022-03-11T12:05:59.544;
255000;901;18860;0;2791;2022-03-11T12:08:59.254;
256000;889;18862;0;3454;2022-03-11T12:12:00.353;
257000;914;18942;0;2331;2022-03-11T12:15:00.390;
258000;914;19146;0;2698;2022-03-11T12:18:01.561;
259000;901;18731;0;2972;2022-03-11T12:21:01.190;
260000;900;18842;0;2867;2022-03-11T12:24:02.280;
261000;911;19158;0;2626;2022-03-11T12:27:06.632;
262000;899;18825;0;2935;2022-03-11T12:30:07.906;
263000;918;19009;0;2104;2022-03-11T12:33:12.108;
264000;905;19108;0;2562;2022-03-11T12:36:14.089;
265000;893;18660;0;2992;2022-03-11T12:39:13.503;
266000;919;19467;0;1741;2022-03-11T12:42:21.206;
267000;912;19303;0;2267;2022-03-11T12:45:27.210;
268000;905;18890;0;2827;2022-03-11T12:48:26.729;
269000;916;18868;0;2120;2022-03-11T12:51:27.886;
270000;912;19125;0;2146;2022-03-11T12:54:29.644;
271000;896;18624;0;3002;2022-03-11T12:57:28.507;
272000;903;19212;0;2801;2022-03-11T13:00:32.460;
273000;892;18883;0;3498;2022-03-11T13:03:34.089;
274000;900;18996;0;2871;2022-03-11T13:06:37.552;
275000;903;18891;0;3132;2022-03-11T13:09:40.151;
276000;910;18624;0;2510;2022-03-11T13:12:39.356;
277000;912;19381;0;2873;2022-03-11T13:15:42.449;
278000;901;18879;0;2664;2022-03-11T13:18:43.474;
279000;915;19174;0;2231;2022-03-11T13:21:48.592;
280000;913;18907;0;2739;2022-03-11T13:24:49.023;
281000;898;18941;0;2854;2022-03-11T13:27:49.342;
282000;907;18763;0;2841;2022-03-11T13:30:49.071;
283000;912;19110;0;2578;2022-03-11T13:33:54.717;
284000;896;18786;0;3164;2022-03-11T13:36:55.880;
285000;892;18450;0;3588;2022-03-11T13:39:51.900;
286000;912;19401;0;2516;2022-03-11T13:42:59.085;
287000;876;18571;0;4370;2022-03-11T13:45:56.114;
288000;897;18834;0;3250;2022-03-11T13:48:57.986;
289000;923;19098;0;2233;2022-03-11T13:52:00.225;
290000;900;18757;0;3183;2022-03-11T13:54:59.382;
291000;908;18474;0;2970;2022-03-11T13:57:56.288;
292000;904;18988;0;3112;2022-03-11T14:00:57.853;
293000;910;18907;0;2678;2022-03-11T14:04:00.558;
294000;915;18761;0;2632;2022-03-11T14:07:00.355;
295000;911;19259;0;2687;2022-03-11T14:10:04.729;
296000;921;19066;0;2091;2022-03-11T14:13:08.561;
297000;899;19032;0;2511;2022-03-11T14:16:10.190;
298000;904;18816;0;2920;2022-03-11T14:19:11.219;
299000;913;19525;0;2749;2022-03-11T14:22:18.055;
300000;901;18377;0;2913;2022-03-11T14:25:13.063;
301000;923;19320;0;2678;2022-03-11T14:28:19.705;
302000;899;18873;0;3438;2022-03-11T14:31:24.718;
303000;903;18788;0;3270;2022-03-11T14:35:16.174;
304000;903;18943;0;2615;2022-03-11T14:39:34.986;
305000;905;18719;0;3256;2022-03-11T14:43:03.806;
306000;920;19149;0;2266;2022-03-11T14:46:11.242;
307000;912;18600;0;2815;2022-03-11T14:49:06.284;
308000;892;18881;0;3067;2022-03-11T14:52:09.642;
309000;913;19006;0;2906;2022-03-11T14:55:44.684;
310000;908;18775;0;2754;2022-03-11T14:58:54.100;
311000;907;18798;0;2975;2022-03-11T15:02:04.399;
312000;926;19352;0;2028;2022-03-11T15:05:20.530;
313000;915;19083;0;2904;2022-03-11T15:08:37.613;
314000;916;19230;0;2613;2022-03-11T15:11:55.112;
315000;913;19330;0;2397;2022-03-11T15:16:17.728;
316000;920;18885;0;2599;2022-03-11T15:21:16.556;
317000;919;19194;0;2579;2022-03-11T15:26:00.197;
318000;918;19347;0;2142;2022-03-11T15:30:56.726;
319000;914;19376;0;2166;2022-03-11T15:35:48.131;
320000;920;19084;0;2545;2022-03-11T15:40:37.109;
321000;910;19238;0;2565;2022-03-11T15:45:33.402;
322000;924;19137;0;1576;2022-03-11T15:50:23.178;
323000;913;19017;0;2621;2022-03-11T15:55:20.811;
324000;908;19079;0;2469;2022-03-11T16:00:27.579;
325000;903;18704;0;2843;2022-03-11T16:05:43.982;
326000;907;19030;0;2881;2022-03-11T16:10:27.248;
327000;897;18848;0;2946;2022-03-11T16:14:59.504;
328000;907;19091;0;2829;2022-03-11T16:20:21.466;
329000;911;18899;0;2157;2022-03-11T16:24:56.826;
330000;921;19280;0;2712;2022-03-11T16:29:36.805;
331000;905;18833;0;2981;2022-03-11T16:34:49.279;
332000;920;19264;0;2493;2022-03-11T16:39:31.075;
333000;920;19171;0;2188;2022-03-11T16:44:07.466;
334000;927;19019;0;1930;2022-03-11T16:49:31.965;
335000;898;19098;0;2803;2022-03-11T16:54:21.940;
336000;908;18897;0;3208;2022-03-11T16:59:05.138;
337000;898;18749;0;3502;2022-03-11T17:03:55.565;
338000;910;18736;0;2965;2022-03-11T17:08:36.284;
339000;913;18868;0;2832;2022-03-11T17:13:14.626;
340000;907;18906;0;2316;2022-03-11T17:18:02.618;
341000;891;18536;0;3452;2022-03-11T17:22:34.351;
342000;929;19037;0;2163;2022-03-11T17:26:58.649;
343000;908;18923;0;3067;2022-03-11T17:31:21.106;
344000;919;18916;0;2326;2022-03-11T17:35:41.337;
345000;917;19254;0;2679;2022-03-11T17:40:10.959;
346000;915;18843;0;2737;2022-03-11T17:44:33.391;
347000;898;19084;0;2690;2022-03-11T17:48:57.700;
348000;914;19301;0;2518;2022-03-11T17:53:28.150;
349000;904;18921;0;2345;2022-03-11T17:57:51.577;
350000;924;18990;0;2364;2022-03-11T18:02:17.032;
351000;922;18766;0;2518;2022-03-11T18:06:37.152;
352000;916;19197;0;2433;2022-03-11T18:11:04.652;
353000;902;18930;0;2535;2022-03-11T18:15:27.357;
354000;902;18867;0;3113;2022-03-11T18:19:46.124;
355000;916;19305;0;2346;2022-03-11T18:24:11.994;
356000;904;18688;0;2774;2022-03-11T18:28:27.612;
357000;909;18988;0;2841;2022-03-11T18:32:51.400;
358000;915;19264;0;2236;2022-03-11T18:37:14.071;
359000;913;19018;0;2738;2022-03-11T18:41:35.561;
360000;911;19136;0;2082;2022-03-11T18:46:00.650;
361000;921;19249;0;2445;2022-03-11T18:50:24.307;
362000;909;18909;0;2688;2022-03-11T18:54:49.916;
363000;915;18951;0;2508;2022-03-11T18:59:20.385;
364000;905;18659;0;3002;2022-03-11T19:03:35.017;
365000;916;18838;0;2665;2022-03-11T19:07:55.966;
366000;904;19200;0;2757;2022-03-11T19:12:18.475;
367000;918;19005;0;2271;2022-03-11T19:16:41.896;
368000;904;19119;0;2914;2022-03-11T19:21:05.793;
369000;919;19370;0;2034;2022-03-11T19:25:29.526;
370000;920;19717;0;2086;2022-03-11T19:30:00.615;
371000;911;19003;0;2385;2022-03-11T19:34:21.626;
372000;907;19278;0;2738;2022-03-11T19:38:50.125;
373000;889;18698;0;3260;2022-03-11T19:43:04.227;
374000;912;19002;0;2661;2022-03-11T19:47:29.688;
375000;916;19056;0;2554;2022-03-11T19:51:54.354;
376000;923;19142;0;2210;2022-03-11T19:56:19.763;
377000;912;18862;0;2397;2022-03-11T19:59:01.636;
378000;916;18822;0;2409;2022-03-11T20:26:26.894;
379000;926;18978;0;2442;2022-03-11T20:28:46.992;
380000;923;19435;0;2568;2022-03-11T20:31:09.740;
381000;900;18853;0;3266;2022-03-11T20:33:28.713;
382000;923;18919;0;1888;2022-03-11T20:35:48.011;
383000;908;19035;0;2609;2022-03-11T20:38:07.857;
384000;929;18846;0;2779;2022-03-11T20:40:26.257;
385000;920;18932;0;2274;2022-03-11T20:42:45.504;
386000;916;19192;0;2543;2022-03-11T20:45:06.225;
387000;925;18814;0;2095;2022-03-11T20:47:23.347;
388000;930;19169;0;1936;2022-03-11T20:49:43.837;
389000;914;18939;0;2934;2022-03-11T20:52:02.146;
390000;922;18739;0;2304;2022-03-11T20:54:18.708;
391000;939;19534;0;1702;2022-03-11T20:56:41.208;
392000;924;18818;0;2275;2022-03-11T20:58:58.632;
393000;916;18997;0;2418;2022-03-11T21:01:16.771;
394000;926;19125;0;2146;2022-03-11T21:03:36.204;
395000;933;18799;0;1630;2022-03-11T21:05:53.036;
396000;917;19296;0;2302;2022-03-11T21:08:13.610;
397000;925;19137;0;2233;2022-03-11T21:10:32.857;
398000;919;19172;0;2190;2022-03-11T21:12:52.701;
399000;927;19120;0;2052;2022-03-11T21:15:12.415;
400000;930;19001;0;1678;2022-03-11T21:17:31.469;
401000;918;19566;0;2144;2022-03-11T21:19:53.876;
402000;925;19262;0;2345;2022-03-11T21:22:14.457;
403000;914;18648;0;2482;2022-03-11T21:24:29.862;
404000;917;18986;0;2117;2022-03-11T21:26:47.594;
405000;927;19212;0;2088;2022-03-11T21:29:07.453;
406000;913;18952;0;2367;2022-03-11T21:31:25.474;
407000;915;18849;0;2286;2022-03-11T21:33:43.825;
408000;927;18910;0;2334;2022-03-11T21:36:01.865;
409000;922;18942;0;2243;2022-03-11T21:38:20.183;
410000;932;19415;0;1689;2022-03-11T21:40:41.803;
411000;914;18753;0;2152;2022-03-11T21:42:58.025;
412000;936;19062;0;1647;2022-03-11T21:45:16.877;
413000;932;19166;0;1715;2022-03-11T21:47:36.393;
414000;924;19059;0;2114;2022-03-11T21:49:55.912;
415000;922;18911;0;2706;2022-03-11T21:52:13.564;
416000;920;19206;0;2586;2022-03-11T21:54:33.611;
417000;932;19029;0;1820;2022-03-11T21:56:52.773;
418000;918;18994;0;2350;2022-03-11T21:59:10.841;
419000;916;19466;0;2231;2022-03-11T22:01:32.803;
420000;930;19308;0;1752;2022-03-11T22:03:53.479;
421000;916;18801;0;2141;2022-03-11T22:06:10.859;
422000;920;18775;0;2226;2022-03-11T22:08:27.330;
423000;913;19047;0;2537;2022-03-11T22:10:46.155;
424000;914;18913;0;2499;2022-03-11T22:13:04.582;
425000;924;19287;0;2129;2022-03-11T22:15:24.669;
426000;924;18797;0;2520;2022-03-11T22:17:41.253;
427000;910;18983;0;2614;2022-03-11T22:19:59.391;
428000;918;19008;0;2397;2022-03-11T22:22:18.298;
429000;925;18939;0;2124;2022-03-11T22:24:36.393;
430000;920;18804;0;2072;2022-03-11T22:26:53.234;
431000;923;19505;0;2346;2022-03-11T22:29:15.332;
432000;925;19017;0;2511;2022-03-11T22:31:33.843;
433000;921;19015;0;1975;2022-03-11T22:33:52.456;
434000;926;19072;0;2067;2022-03-11T22:36:13.033;
435000;920;19420;0;2287;2022-03-11T22:38:36.274;
436000;929;19069;0;2028;2022-03-11T22:40:55.786;
437000;923;18831;0;2100;2022-03-11T22:43:12.656;
438000;920;19025;0;2210;2022-03-11T22:45:31.411;
439000;920;18921;0;2607;2022-03-11T22:47:49.177;
440000;919;18955;0;2811;2022-03-11T22:50:07.427;
441000;931;19372;0;1886;2022-03-11T22:52:28.341;
442000;917;19141;0;2583;2022-03-11T22:54:47.839;
443000;915;18806;0;2093;2022-03-11T22:57:04.798;
444000;911;18618;0;2685;2022-03-11T22:59:20.397;
445000;930;18991;0;1625;2022-03-11T23:01:38.974;
446000;920;19289;0;2557;2022-03-11T23:03:59.617;
447000;909;19437;0;2717;2022-03-11T23:06:22.114;
448000;924;19236;0;1919;2022-03-11T23:08:42.026;
449000;919;18988;0;2376;2022-03-11T23:11:01.237;
450000;907;18937;0;3031;2022-03-11T23:13:19.561;
451000;907;18884;0;2918;2022-03-11T23:15:36.578;
452000;929;18921;0;2262;2022-03-11T23:17:56.401;
453000;932;19418;0;2169;2022-03-11T23:20:17.652;
454000;921;19205;0;2316;2022-03-11T23:22:37.725;
455000;919;19571;0;2380;2022-03-11T23:25:00.909;
456000;919;18838;0;2368;2022-03-11T23:27:18.302;
457000;925;18969;0;2188;2022-03-11T23:29:36.656;
458000;921;19105;0;1964;2022-03-11T23:31:55.739;
459000;910;19404;0;2821;2022-03-11T23:34:17.578;
460000;932;19088;0;1844;2022-03-11T23:36:37.558;
461000;924;19301;0;2068;2022-03-11T23:38:58.175;
462000;924;19049;0;2511;2022-03-11T23:41:17.031;
463000;918;18765;0;2351;2022-03-11T23:43:33.532;
464000;894;18822;0;3101;2022-03-11T23:45:50.963;
465000;918;19055;0;2394;2022-03-11T23:48:09.232;
466000;925;18962;0;2004;2022-03-11T23:50:27.457;
467000;909;18874;0;2598;2022-03-11T23:52:44.617;
468000;911;19016;0;2794;2022-03-11T23:55:03.385;
469000;934;18974;0;1811;2022-03-11T23:57:21.572;
470000;927;19548;0;2402;2022-03-11T23:59:44.394;
471000;924;19254;0;2296;2022-03-12T00:02:04.747;
472000;908;19176;0;2989;2022-03-12T00:04:24.223;
473000;921;19234;0;2380;2022-03-12T00:06:44.514;
474000;938;18906;0;2146;2022-03-12T00:09:02.339;
475000;923;19658;0;2172;2022-03-12T00:11:25.240;
476000;932;19133;0;2181;2022-03-12T00:13:44.368;
477000;934;19045;0;1816;2022-03-12T00:16:03.224;
478000;914;18987;0;2588;2022-03-12T00:18:21.771;
479000;919;18740;0;2515;2022-03-12T00:20:38.335;
480000;923;18788;0;2198;2022-03-12T00:22:55.684;
481000;938;19168;0;1535;2022-03-12T00:25:14.534;
482000;938;18849;0;1577;2022-03-12T00:27:32.249;
483000;928;19473;0;1879;2022-03-12T00:29:53.946;
484000;931;18878;0;2077;2022-03-12T00:32:11.371;
485000;925;19067;0;2125;2022-03-12T00:34:29.971;
486000;934;19154;0;1852;2022-03-12T00:36:49.316;
487000;909;18824;0;2462;2022-03-12T00:39:06.461;
488000;945;19225;0;1304;2022-03-12T00:41:26.871;
489000;922;19196;0;2124;2022-03-12T00:43:46.963;
490000;915;18696;0;2663;2022-03-12T00:46:03.319;
491000;915;19046;0;2566;2022-03-12T00:48:22.847;
492000;929;19367;0;2548;2022-03-12T00:50:44.295;
493000;904;18772;0;2660;2022-03-12T00:53:00.524;
494000;918;18986;0;2158;2022-03-12T00:55:18.581;
495000;922;18877;0;2510;2022-03-12T00:57:35.847;
496000;924;19143;0;2002;2022-03-12T00:59:54.939;
497000;929;19118;0;2070;2022-03-12T01:02:14.276;
498000;927;19277;0;2330;2022-03-12T01:04:35.033;
499000;919;19068;0;2740;2022-03-12T01:06:53.792;
500000;914;19061;0;2375;2022-03-12T01:09:12.773;
501000;909;18594;0;3010;2022-03-12T01:11:27.968;
502000;926;19104;0;2429;2022-03-12T01:13:47.451;
503000;915;19410;0;2230;2022-03-12T01:16:09.187;
504000;929;19181;0;2121;2022-03-12T01:18:28.479;
505000;918;19228;0;1992;2022-03-12T01:20:48.605;
506000;927;18916;0;2138;2022-03-12T01:23:06.595;
507000;932;19233;0;1763;2022-03-12T01:25:29.234;
508000;941;19295;0;1712;2022-03-12T01:27:50.173;
509000;929;19333;0;1794;2022-03-12T01:30:11.127;
510000;924;19581;0;2094;2022-03-12T01:32:33.153;
511000;927;19412;0;2316;2022-03-12T01:34:53.960;
512000;922;18719;0;2303;2022-03-12T01:37:09.971;
513000;935;19128;0;1710;2022-03-12T01:39:28.787;
514000;925;19036;0;2195;2022-03-12T01:41:47.034;
515000;924;19308;0;2305;2022-03-12T01:44:07.487;
516000;916;18977;0;2637;2022-03-12T01:46:25.613;
517000;923;18781;0;2571;2022-03-12T01:48:42.186;
518000;924;19072;0;2225;2022-03-12T01:51:01.602;
519000;911;18989;0;2834;2022-03-12T01:53:19.314;
520000;923;19017;0;2732;2022-03-12T01:55:37.671;
521000;934;19117;0;1912;2022-03-12T01:57:56.487;
522000;921;18867;0;2363;2022-03-12T02:00:14.079;
523000;924;19186;0;2160;2022-03-12T02:02:33.487;
524000;928;18846;0;2237;2022-03-12T02:04:50.440;
525000;919;18771;0;2792;2022-03-12T02:07:07.041;
526000;916;19123;0;2674;2022-03-12T02:09:26.813;
527000;924;19045;0;2375;2022-03-12T02:11:46.091;
528000;937;19834;0;1461;2022-03-12T02:14:10.627;
529000;931;19241;0;2357;2022-03-12T02:16:30.466;
530000;912;18503;0;2432;2022-03-12T02:18:45.825;
531000;927;18834;0;2165;2022-03-12T02:21:03.292;
532000;927;18745;0;2220;2022-03-12T02:23:20.033;
533000;927;19350;0;2294;2022-03-12T02:25:40.876;
534000;917;19662;0;2562;2022-03-12T02:28:04.061;
535000;933;19336;0;2067;2022-03-12T02:30:25.065;
536000;931;18791;0;2476;2022-03-12T02:32:41.644;
537000;911;19096;0;2653;2022-03-12T02:35:00.473;
538000;934;19179;0;1954;2022-03-12T02:37:20.317;
539000;911;18820;0;2785;2022-03-12T02:39:37.500;
540000;913;19053;0;2560;2022-03-12T02:41:56.403;
541000;923;19032;0;2191;2022-03-12T02:44:14.791;
542000;930;19155;0;2040;2022-03-12T02:46:34.707;
543000;924;19050;0;2319;2022-03-12T02:48:53.819;
544000;927;19524;0;2134;2022-03-12T02:51:16.303;
545000;927;18925;0;2127;2022-03-12T02:53:34.776;
546000;917;19099;0;2658;2022-03-12T02:55:53.583;
547000;932;19238;0;1693;2022-03-12T02:58:13.493;
548000;933;19106;0;1622;2022-03-12T03:00:32.799;
549000;920;19120;0;2541;2022-03-12T03:02:51.677;
550000;904;19141;0;2530;2022-03-12T03:05:11.722;
551000;908;18668;0;2677;2022-03-12T03:07:27.353;
552000;928;19169;0;2036;2022-03-12T03:09:47.212;
553000;928;19290;0;2005;2022-03-12T03:12:07.697;
554000;934;19264;0;1608;2022-03-12T03:14:28.179;
555000;932;19474;0;1898;2022-03-12T03:16:50.537;
556000;933;19315;0;1823;2022-03-12T03:19:11.160;
557000;924;18571;0;2514;2022-03-12T03:21:26.570;
558000;926;19174;0;1811;2022-03-12T03:23:51.555;
559000;915;19402;0;2689;2022-03-12T03:26:13.061;
560000;920;19204;0;2188;2022-03-12T03:28:32.862;
561000;928;19160;0;2068;2022-03-12T03:30:52.057;
562000;928;19302;0;1819;2022-03-12T03:33:12.481;
563000;924;19016;0;2387;2022-03-12T03:35:32.004;
564000;930;19086;0;1933;2022-03-12T03:37:51.521;
565000;928;19121;0;1847;2022-03-12T03:40:10.795;
566000;935;19473;0;1943;2022-03-12T03:42:32.894;
567000;937;18967;0;2179;2022-03-12T03:44:51.049;
568000;925;19211;0;2785;2022-03-12T03:47:11.110;
569000;916;19086;0;2202;2022-03-12T03:49:29.642;
570000;931;19410;0;2322;2022-03-12T03:51:50.775;
571000;924;19021;0;2392;2022-03-12T03:54:09.339;
572000;913;18620;0;3024;2022-03-12T03:56:25.368;
573000;922;19152;0;2308;2022-03-12T03:58:45.076;
574000;923;19576;0;2043;2022-03-12T04:01:07.806;
575000;928;19313;0;1878;2022-03-12T04:03:28.324;
576000;918;19108;0;2378;2022-03-12T04:05:46.892;
577000;920;18983;0;2239;2022-03-12T04:08:04.902;
578000;922;19187;0;2105;2022-03-12T04:10:24.852;
579000;916;19325;0;1953;2022-03-12T04:12:45.919;
580000;938;19154;0;1349;2022-03-12T04:15:05.492;
581000;910;19080;0;2391;2022-03-12T04:17:23.918;
582000;924;19134;0;1909;2022-03-12T04:19:43.621;
583000;927;19162;0;1901;2022-03-12T04:22:03.161;
584000;917;18883;0;2318;2022-03-12T04:24:20.458;
585000;920;18823;0;2378;2022-03-12T04:26:37.722;
586000;937;19275;0;1831;2022-03-12T04:28:58.397;
587000;927;19100;0;2220;2022-03-12T04:31:17.413;
588000;933;19393;0;1859;2022-03-12T04:33:38.703;
589000;924;19170;0;2268;2022-03-12T04:35:58.553;
590000;922;18880;0;2149;2022-03-12T04:38:16.564;
591000;927;18831;0;2047;2022-03-12T04:40:34.035;
592000;912;18914;0;3075;2022-03-12T04:42:51.155;
593000;921;19269;0;2548;2022-03-12T04:45:11.629;
594000;937;19240;0;2201;2022-03-12T04:47:31.512;
595000;912;19132;0;2617;2022-03-12T04:49:50.986;
596000;927;18997;0;2033;2022-03-12T04:52:09.099;
597000;924;19408;0;2227;2022-03-12T04:54:30.197;
598000;912;18757;0;2731;2022-03-12T04:56:47.238;
599000;924;19483;0;1911;2022-03-12T04:59:09.565;
600000;924;18873;0;2088;2022-03-12T05:01:26.636;
601000;915;19144;0;2838;2022-03-12T05:03:46.010;
602000;911;18929;0;2204;2022-03-12T05:06:03.690;
603000;926;19024;0;2515;2022-03-12T05:08:23.136;
604000;931;19696;0;1916;2022-03-12T05:10:46.802;
605000;920;19438;0;2144;2022-03-12T05:13:08.538;
606000;921;19080;0;2430;2022-03-12T05:15:27.886;
607000;926;18716;0;2416;2022-03-12T05:17:44.408;
608000;923;19267;0;2312;2022-03-12T05:20:04.975;
609000;924;19130;0;2356;2022-03-12T05:22:24.301;
610000;927;18785;0;2603;2022-03-12T05:24:41.239;
611000;926;19187;0;2171;2022-03-12T05:27:01.072;
612000;932;19155;0;2212;2022-03-12T05:29:20.752;
613000;922;19101;0;2280;2022-03-12T05:31:39.830;
614000;923;19430;0;2076;2022-03-12T05:34:01.741;
615000;931;18974;0;2008;2022-03-12T05:36:20.102;
616000;916;19070;0;2494;2022-03-12T05:38:38.369;
617000;935;19252;0;2169;2022-03-12T05:40:58.348;
618000;928;19065;0;1743;2022-03-12T05:43:17.643;
619000;923;19015;0;2023;2022-03-12T05:45:35.840;
620000;921;19353;0;2301;2022-03-12T05:47:57.068;
621000;933;19346;0;2158;2022-03-12T05:50:17.525;
622000;921;19072;0;2656;2022-03-12T05:52:36.755;
623000;929;19079;0;1870;2022-03-12T05:54:55.997;
624000;933;19499;0;1747;2022-03-12T05:57:18.340;
625000;915;18601;0;2826;2022-03-12T05:59:33.606;
626000;923;19274;0;2150;2022-03-12T06:01:53.834;
627000;928;19119;0;2215;2022-03-12T06:04:12.878;
628000;928;18977;0;1989;2022-03-12T06:06:30.868;
629000;922;18674;0;2623;2022-03-12T06:08:46.924;
630000;931;19711;0;2012;2022-03-12T06:11:10.539;
631000;923;19105;0;2090;2022-03-12T06:13:29.209;
632000;922;18959;0;2267;2022-03-12T06:15:47.166;
633000;911;19090;0;2520;2022-03-12T06:18:06.507;
634000;920;18759;0;2622;2022-03-12T06:20:22.989;
635000;922;18805;0;2317;2022-03-12T06:22:39.892;
636000;932;19374;0;1855;2022-03-12T06:25:01.453;
637000;920;19021;0;2443;2022-03-12T06:27:19.928;
638000;933;19001;0;2012;2022-03-12T06:29:38.503;
639000;937;19403;0;1900;2022-03-12T06:31:59.462;
640000;927;18972;0;2262;2022-03-12T06:34:17.745;
641000;920;18892;0;1964;2022-03-12T06:36:35.397;
642000;927;19050;0;2231;2022-03-12T06:38:54.158;
643000;909;18595;0;2772;2022-03-12T06:41:10.001;
644000;925;19262;0;2241;2022-03-12T06:43:29.982;
645000;925;19088;0;2213;2022-03-12T06:45:49.349;
646000;925;19242;0;2618;2022-03-12T06:48:09.406;
647000;923;18843;0;1786;2022-03-12T06:50:26.776;
648000;923;18765;0;2463;2022-03-12T06:52:44.014;
649000;916;19160;0;2566;2022-03-12T06:55:03.327;
650000;923;19185;0;2423;2022-03-12T06:57:23.309;
651000;926;19137;0;2536;2022-03-12T06:59:42.083;
652000;929;18870;0;2126;2022-03-12T07:01:59.849;
653000;938;19410;0;1942;2022-03-12T07:04:21.377;
654000;938;19229;0;1797;2022-03-12T07:06:41.350;
655000;925;19155;0;2082;2022-03-12T07:09:00.852;
656000;933;18898;0;1822;2022-03-12T07:11:18.796;
657000;919;19169;0;2290;2022-03-12T07:13:38.773;
658000;927;19111;0;2114;2022-03-12T07:15:58.341;
659000;923;19262;0;2379;2022-03-12T07:18:19.116;
660000;930;19318;0;1842;2022-03-12T07:20:40.007;
661000;919;19385;0;2556;2022-03-12T07:23:00.568;
662000;929;18881;0;2148;2022-03-12T07:25:18.237;
663000;922;18858;0;2058;2022-03-12T07:27:36.288;
664000;921;18886;0;2498;2022-03-12T07:29:53.944;
665000;923;19342;0;2410;2022-03-12T07:32:14.598;
666000;914;19432;0;2478;2022-03-12T07:34:35.953;
667000;925;18919;0;2097;2022-03-12T07:36:54.417;
668000;927;19109;0;2352;2022-03-12T07:39:13.778;
669000;920;19154;0;2625;2022-03-12T07:41:33.217;
670000;925;19400;0;2199;2022-03-12T07:43:54.526;
671000;927;19275;0;1992;2022-03-12T07:46:15.335;
672000;919;18932;0;2185;2022-03-12T07:48:33.178;
673000;926;19168;0;2205;2022-03-12T07:50:52.516;
674000;932;19275;0;1801;2022-03-12T07:53:12.630;
675000;911;18878;0;2475;2022-03-12T07:55:30.157;
676000;923;19295;0;2191;2022-03-12T07:57:50.508;
677000;928;19279;0;1804;2022-03-12T08:00:11.196;
678000;918;18632;0;2934;2022-03-12T08:02:26.813;
679000;922;19590;0;1821;2022-03-12T08:04:49.540;
680000;914;18844;0;2617;2022-03-12T08:07:07.135;
681000;934;19377;0;1595;2022-03-12T08:09:28.431;
682000;928;19508;0;1576;2022-03-12T08:11:50.778;
683000;928;19212;0;2097;2022-03-12T08:14:10.672;
684000;921;18909;0;2474;2022-03-12T08:16:28.555;
685000;922;19181;0;2430;2022-03-12T08:18:48.498;
686000;918;18982;0;2421;2022-03-12T08:21:07.532;
687000;929;19430;0;1519;2022-03-12T08:23:29.236;
688000;921;19132;0;2315;2022-03-12T08:25:48.107;
689000;941;19111;0;1869;2022-03-12T08:28:07.585;
690000;937;18900;0;2190;2022-03-12T08:30:25.276;
691000;911;18947;0;2858;2022-03-12T08:32:43.371;
692000;903;19132;0;2697;2022-03-12T08:35:02.416;
693000;922;18813;0;2358;2022-03-12T08:37:19.845;
694000;932;18828;0;2235;2022-03-12T08:39:36.944;
695000;923;18959;0;1957;2022-03-12T08:41:55.032;
696000;924;19225;0;1923;2022-03-12T08:44:15.511;
697000;914;18841;0;2650;2022-03-12T08:46:32.913;
698000;940;19099;0;1704;2022-03-12T08:48:51.956;
699000;909;18783;0;2533;2022-03-12T08:51:08.956;
700000;935;19161;0;1861;2022-03-12T08:53:28.479;
701000;910;19002;0;2549;2022-03-12T08:55:46.926;
702000;926;18834;0;1944;2022-03-12T08:58:04.447;
703000;904;18695;0;3067;2022-03-12T09:00:19.947;
704000;943;19464;0;1516;2022-03-12T09:02:42.363;
705000;934;19170;0;2323;2022-03-12T09:05:02.326;
706000;923;19437;0;2327;2022-03-12T09:07:24.003;
707000;935;19375;0;2155;2022-03-12T09:09:45.185;
708000;926;19181;0;2296;2022-03-12T09:12:05.110;
709000;920;18986;0;2609;2022-03-12T09:14:23.313;
710000;929;19346;0;1889;2022-03-12T09:16:44.381;
711000;912;19311;0;2496;2022-03-12T09:19:05.023;
712000;928;19286;0;1919;2022-03-12T09:21:25.508;
713000;925;19017;0;2166;2022-03-12T09:23:44.518;
714000;930;19411;0;1964;2022-03-12T09:26:06.244;
715000;914;18859;0;2687;2022-03-12T09:28:23.421;
716000;914;18861;0;2684;2022-03-12T09:30:41.134;
717000;916;19102;0;2228;2022-03-12T09:33:00.018;
718000;925;19032;0;2203;2022-03-12T09:35:18.219;
719000;943;19647;0;1840;2022-03-12T09:37:41.337;
720000;936;19071;0;1969;2022-03-12T09:40:00.454;
721000;937;19224;0;2105;2022-03-12T09:42:20.781;
722000;923;19265;0;2006;2022-03-12T09:44:41.020;
723000;910;19055;0;2919;2022-03-12T09:46:59.789;
724000;928;18764;0;1792;2022-03-12T09:49:16.947;
725000;938;19462;0;2001;2022-03-12T09:51:39.048;
726000;919;19108;0;2275;2022-03-12T09:53:57.935;
727000;935;19181;0;1688;2022-03-12T09:56:18.032;
728000;918;19012;0;2132;2022-03-12T09:58:36.362;
729000;922;18891;0;2396;2022-03-12T10:00:54.144;
730000;929;19558;0;1850;2022-03-12T10:03:16.042;
731000;927;19294;0;2370;2022-03-12T10:05:36.167;
732000;922;18900;0;2205;2022-03-12T10:07:54.005;
733000;912;18737;0;2662;2022-03-12T10:10:11.086;
734000;929;19439;0;2078;2022-03-12T10:12:32.510;
735000;928;18968;0;2414;2022-03-12T10:14:50.718;
736000;925;19146;0;2525;2022-03-12T10:17:10.107;
737000;921;18772;0;2491;2022-03-12T10:19:26.759;
738000;926;18907;0;2062;2022-03-12T10:21:44.871;
739000;942;19195;0;1797;2022-03-12T10:24:04.745;
740000;936;19339;0;2130;2022-03-12T10:26:25.750;
741000;939;19395;0;1951;2022-03-12T10:28:46.676;
742000;911;19117;0;2537;2022-03-12T10:31:06.189;
743000;928;19493;0;2265;2022-03-12T10:33:28.079;
744000;907;19119;0;2839;2022-03-12T10:35:47.407;
745000;936;19241;0;1924;2022-03-12T10:38:08.108;
746000;921;18942;0;2373;2022-03-12T10:40:26.141;
747000;905;18933;0;2858;2022-03-12T10:42:44.400;
748000;937;18760;0;1694;2022-03-12T10:45:01.088;
749000;932;19387;0;2063;2022-03-12T10:47:22.192;
750000;925;18926;0;2280;2022-03-12T10:49:40.019;
751000;931;19338;0;2031;2022-03-12T10:52:01.291;
752000;923;19242;0;2228;2022-03-12T10:54:20.913;
753000;928;19518;0;2147;2022-03-12T10:56:43.422;
754000;904;18640;0;2760;2022-03-12T10:58:58.949;
755000;925;18765;0;2250;2022-03-12T11:01:15.933;
756000;917;19282;0;2554;2022-03-12T11:03:36.415;
757000;932;19701;0;1837;2022-03-12T11:05:59.949;
758000;913;18995;0;2235;2022-03-12T11:08:18.490;
759000;923;19066;0;2539;2022-03-12T11:10:37.340;
760000;913;18686;0;2693;2022-03-12T11:12:53.846;
761000;914;18699;0;2413;2022-03-12T11:15:09.967;
762000;914;19132;0;2358;2022-03-12T11:17:29.393;
763000;932;18992;0;1943;2022-03-12T11:19:48.107;
764000;951;19608;0;1389;2022-03-12T11:22:10.916;
765000;914;19088;0;2728;2022-03-12T11:24:30.023;
766000;922;18826;0;2154;2022-03-12T11:26:46.777;
767000;923;19004;0;2174;2022-03-12T11:29:05.033;
768000;926;18832;0;2216;2022-03-12T11:31:22.156;
769000;923;19351;0;2354;2022-03-12T11:33:43.248;
770000;931;18933;0;1833;2022-03-12T11:36:01.221;
771000;922;18779;0;2140;2022-03-12T11:38:18.225;
772000;926;18988;0;2495;2022-03-12T11:40:37.294;
773000;947;19217;0;1585;2022-03-12T11:42:57.689;
774000;923;18959;0;2308;2022-03-12T11:45:15.785;
775000;923;18949;0;2173;2022-03-12T11:47:33.889;
776000;926;18912;0;2221;2022-03-12T11:49:51.818;
777000;915;19519;0;2741;2022-03-12T11:52:14.001;
778000;937;19265;0;1500;2022-03-12T11:54:33.822;
779000;918;18968;0;2289;2022-03-12T11:56:51.690;
780000;922;19062;0;2348;2022-03-12T11:59:10.880;
781000;924;18986;0;1855;2022-03-12T12:01:29.033;
782000;930;19065;0;2412;2022-03-12T12:03:47.589;
783000;915;19089;0;2380;2022-03-12T12:06:07.261;
784000;927;19022;0;2606;2022-03-12T12:08:25.502;
785000;920;18721;0;2029;2022-03-12T12:10:41.761;
786000;926;19362;0;1761;2022-03-12T12:13:03.081;
787000;916;18819;0;2702;2022-03-12T12:15:20.227;
788000;923;19012;0;2050;2022-03-12T12:17:39.072;
789000;923;19121;0;1842;2022-03-12T12:19:58.159;
790000;909;18975;0;2817;2022-03-12T12:22:16.287;
791000;919;18919;0;2090;2022-03-12T12:24:34.139;
792000;923;18761;0;2435;2022-03-12T12:26:50.613;
793000;926;19440;0;1987;2022-03-12T12:29:12.324;
794000;923;19204;0;2352;2022-03-12T12:31:32.229;
795000;940;19339;0;1747;2022-03-12T12:33:53.292;
796000;924;19367;0;2310;2022-03-12T12:36:14.763;
797000;926;19421;0;1698;2022-03-12T12:38:36.979;
798000;927;18914;0;2146;2022-03-12T12:40:54.635;
799000;930;19274;0;2211;2022-03-12T12:43:15.285;
800000;922;18648;0;2036;2022-03-12T12:45:31.133;
801000;929;18852;0;2031;2022-03-12T12:47:48.702;
802000;928;19093;0;1842;2022-03-12T12:50:07.748;
803000;926;18718;0;1974;2022-03-12T12:52:24.245;
804000;919;19163;0;2149;2022-03-12T12:54:43.708;
805000;928;19293;0;2315;2022-03-12T12:57:04.080;
806000;923;19135;0;1929;2022-03-12T12:59:23.973;
807000;925;19101;0;2435;2022-03-12T13:01:43.438;
808000;920;19309;0;2817;2022-03-12T13:04:04.017;
809000;927;19442;0;1911;2022-03-12T13:06:25.234;
810000;927;19063;0;2621;2022-03-12T13:08:44.490;
811000;919;19155;0;2371;2022-03-12T13:11:04.370;
812000;937;19197;0;2273;2022-03-12T13:13:24.313;
813000;938;19501;0;1740;2022-03-12T13:15:46.357;
814000;921;18809;0;2188;2022-03-12T13:18:02.991;
815000;925;19360;0;2299;2022-03-12T13:20:24.393;
816000;922;19045;0;1884;2022-03-12T13:22:42.718;
817000;911;18839;0;2515;2022-03-12T13:24:59.909;
818000;926;19613;0;2326;2022-03-12T13:27:23.247;
819000;929;19129;0;1993;2022-03-12T13:29:42.262;
820000;923;19110;0;2147;2022-03-12T13:32:01.520;
821000;937;19396;0;1947;2022-03-12T13:34:22.836;
822000;932;19257;0;1824;2022-03-12T13:36:43.165;
823000;921;19243;0;2350;2022-03-12T13:39:03.574;
824000;925;19225;0;1954;2022-03-12T13:41:23.656;
825000;927;19156;0;1886;2022-03-12T13:43:42.926;
826000;938;19485;0;2025;2022-03-12T13:46:04.799;
827000;920;19220;0;2366;2022-03-12T13:48:24.654;
828000;916;18781;0;2277;2022-03-12T13:50:41.369;
829000;938;19422;0;1531;2022-03-12T13:53:02.589;
830000;921;18936;0;2125;2022-03-12T13:55:20.533;
831000;937;19279;0;1919;2022-03-12T13:57:41.273;
832000;914;18714;0;2086;2022-03-12T13:59:58.225;
833000;935;19227;0;1921;2022-03-12T14:02:18.404;
834000;923;19043;0;1682;2022-03-12T14:04:36.811;
835000;928;18549;0;2265;2022-03-12T14:06:51.786;
836000;936;18814;0;1739;2022-03-12T14:09:09.082;
837000;925;19147;0;2471;2022-03-12T14:11:28.562;
838000;934;19195;0;1958;2022-03-12T14:13:48.306;
839000;931;19141;0;2061;2022-03-12T14:16:07.740;
840000;932;19342;0;1925;2022-03-12T14:18:28.627;
841000;926;19208;0;2195;2022-03-12T14:20:48.539;
842000;910;18826;0;2594;2022-03-12T14:23:05.692;
843000;925;19287;0;2067;2022-03-12T14:25:26.275;
844000;929;19180;0;1881;2022-03-12T14:27:46.062;
845000;924;19047;0;2227;2022-03-12T14:30:04.847;
846000;928;19241;0;2028;2022-03-12T14:32:24.561;
847000;934;19411;0;1863;2022-03-12T14:34:46.102;
848000;924;19460;0;2228;2022-03-12T14:37:07.830;
849000;930;19449;0;1989;2022-03-12T14:39:29.033;
850000;922;18859;0;2432;2022-03-12T14:41:46.844;
851000;926;19220;0;2069;2022-03-12T14:44:07.297;
852000;925;19195;0;2118;2022-03-12T14:46:26.888;
853000;923;19331;0;2189;2022-03-12T14:48:47.558;
854000;927;19351;0;2087;2022-03-12T14:51:08.373;
855000;934;19581;0;1853;2022-03-12T14:53:30.954;
856000;921;19331;0;2160;2022-03-12T14:55:52.087;
857000;937;18817;0;1770;2022-03-12T14:58:09.160;
858000;913;19067;0;2467;2022-03-12T15:00:28.160;
859000;924;19178;0;2353;2022-03-12T15:02:47.443;
860000;917;19083;0;2327;2022-03-12T15:05:06.486;
861000;933;19254;0;1916;2022-03-12T15:07:26.584;
862000;930;19050;0;2431;2022-03-12T15:09:45.521;
863000;923;19248;0;2455;2022-03-12T15:12:06.238;
864000;924;19264;0;2608;2022-03-12T15:14:26.660;
865000;941;19313;0;1435;2022-03-12T15:16:48.206;
866000;919;19278;0;2323;2022-03-12T15:19:08.105;
867000;931;19434;0;1769;2022-03-12T15:21:29.718;
868000;937;19390;0;1711;2022-03-12T15:23:51.187;
869000;922;18933;0;2491;2022-03-12T15:26:09.114;
870000;924;19097;0;1976;2022-03-12T15:28:28.269;
871000;933;19405;0;1973;2022-03-12T15:30:49.277;
872000;929;19016;0;2149;2022-03-12T15:33:08.248;
873000;932;19000;0;2164;2022-03-12T15:35:27.144;
874000;935;19197;0;1734;2022-03-12T15:37:47.171;
875000;939;19645;0;1946;2022-03-12T15:40:10.437;
876000;929;19025;0;2328;2022-03-12T15:42:28.875;
877000;924;18822;0;2172;2022-03-12T15:44:45.648;
878000;934;19048;0;2582;2022-03-12T15:47:04.884;
879000;915;18632;0;2446;2022-03-12T15:49:20.748;
880000;924;19416;0;2042;2022-03-12T15:51:41.752;
881000;940;19189;0;1893;2022-03-12T15:54:01.806;
882000;939;19356;0;1886;2022-03-12T15:56:22.953;
883000;924;19257;0;2072;2022-03-12T15:58:42.932;
884000;924;19035;0;2019;2022-03-12T16:01:01.254;
885000;941;18994;0;1528;2022-03-12T16:03:19.754;
886000;947;19160;0;1195;2022-03-12T16:05:39.344;
887000;933;19589;0;1712;2022-03-12T16:08:02.070;
888000;917;19427;0;2486;2022-03-12T16:10:23.517;
889000;936;19116;0;1998;2022-03-12T16:12:42.748;
890000;925;19473;0;2152;2022-03-12T16:15:04.554;
891000;939;19377;0;1434;2022-03-12T16:17:25.957;
892000;929;18884;0;2128;2022-03-12T16:19:43.761;
893000;924;19195;0;2074;2022-03-12T16:22:03.494;
894000;929;19049;0;1907;2022-03-12T16:24:21.793;
895000;923;18924;0;2214;2022-03-12T16:26:39.777;
896000;933;19272;0;2152;2022-03-12T16:29:00.437;
897000;935;19454;0;1710;2022-03-12T16:31:25.877;
898000;917;18905;0;2367;2022-03-12T16:33:44.949;
899000;924;19356;0;2549;2022-03-12T16:36:08.670;
900000;927;19209;0;1980;2022-03-12T16:38:28.835;
901000;932;19129;0;1858;2022-03-12T16:40:49.124;
902000;911;18992;0;2776;2022-03-12T16:43:07.506;
903000;924;18928;0;2110;2022-03-12T16:45:25.954;
904000;928;19259;0;1783;2022-03-12T16:47:46.167;
905000;934;19206;0;1728;2022-03-12T16:50:06.855;
906000;929;19208;0;2213;2022-03-12T16:52:26.838;
907000;941;19277;0;1789;2022-03-12T16:54:47.772;
908000;931;19160;0;1893;2022-03-12T16:57:07.857;
909000;934;19500;0;1904;2022-03-12T16:59:30.348;
910000;928;19432;0;2116;2022-03-12T17:01:52.056;
911000;931;19620;0;2400;2022-03-12T17:04:15.053;
912000;933;18870;0;2130;2022-03-12T17:06:32.902;
913000;933;19208;0;2108;2022-03-12T17:08:52.801;
914000;913;19270;0;2494;2022-03-12T17:11:13.615;
915000;944;19015;0;1722;2022-03-12T17:13:31.751;
916000;931;19381;0;1783;2022-03-12T17:15:53.039;
917000;925;18951;0;2118;2022-03-12T17:18:11.193;
918000;946;19190;0;1687;2022-03-12T17:20:31.214;
919000;929;19015;0;2175;2022-03-12T17:22:49.322;
920000;932;19223;0;2070;2022-03-12T17:25:09.867;
921000;942;18674;0;1745;2022-03-12T17:27:25.925;
922000;928;19217;0;1853;2022-03-12T17:29:45.809;
923000;935;19385;0;1775;2022-03-12T17:32:06.750;
924000;931;19178;0;1992;2022-03-12T17:34:26.675;
925000;922;18953;0;2077;2022-03-12T17:36:44.787;
926000;929;19404;0;2648;2022-03-12T17:39:06.092;
927000;934;19111;0;1664;2022-03-12T17:41:25.033;
928000;932;19260;0;2018;2022-03-12T17:43:45.095;
929000;921;18927;0;2297;2022-03-12T17:46:03.442;
930000;923;18821;0;2355;2022-03-12T17:48:20.093;
931000;926;19388;0;2246;2022-03-12T17:50:41.270;
932000;920;18698;0;2326;2022-03-12T17:52:57.065;
933000;913;18701;0;2589;2022-03-12T17:55:13.470;
934000;916;18871;0;2571;2022-03-12T17:57:30.825;
935000;913;18895;0;2950;2022-03-12T17:59:48.816;
936000;928;19388;0;2142;2022-03-12T18:02:10.535;
937000;921;19187;0;2296;2022-03-12T18:04:30.163;
938000;932;19210;0;2248;2022-03-12T18:06:49.590;
939000;931;19060;0;1640;2022-03-12T18:09:08.425;
940000;928;19093;0;2005;2022-03-12T18:11:27.675;
941000;951;19619;0;1303;2022-03-12T18:13:50.653;
942000;928;19172;0;1735;2022-03-12T18:16:09.912;
943000;933;19518;0;1889;2022-03-12T18:18:32.433;
944000;938;19239;0;1742;2022-03-12T18:20:52.516;
945000;922;19046;0;1966;2022-03-12T18:23:11.394;
946000;934;19565;0;1684;2022-03-12T18:25:33.508;
947000;924;19229;0;2380;2022-03-12T18:27:53.966;
948000;927;19274;0;2031;2022-03-12T18:30:13.794;
949000;921;19135;0;1987;2022-03-12T18:32:33.422;
950000;927;18638;0;2119;2022-03-12T18:34:50.325;
951000;916;19056;0;2516;2022-03-12T18:37:09.886;
952000;921;19115;0;1970;2022-03-12T18:39:28.903;
953000;926;19142;0;1900;2022-03-12T18:41:48.380;
954000;931;19128;0;1964;2022-03-12T18:44:07.979;
955000;928;19128;0;2263;2022-03-12T18:46:27.754;
956000;942;19097;0;1644;2022-03-12T18:48:46.839;
957000;918;19045;0;2699;2022-03-12T18:51:05.018;
958000;935;19224;0;1737;2022-03-12T18:53:24.681;
959000;930;18928;0;2280;2022-03-12T18:55:42.600;
960000;909;19029;0;2599;2022-03-12T18:58:01.348;
961000;933;18988;0;1558;2022-03-12T19:00:19.097;
962000;917;18968;0;2778;2022-03-12T19:02:37.269;
963000;941;18981;0;2008;2022-03-12T19:04:54.802;
964000;928;19252;0;1625;2022-03-12T19:07:15.173;
965000;932;19358;0;1888;2022-03-12T19:09:35.737;
966000;929;19121;0;2187;2022-03-12T19:11:55.363;
967000;920;18661;0;2405;2022-03-12T19:14:11.359;
968000;940;19717;0;1524;2022-03-12T19:16:34.935;
969000;930;19092;0;1805;2022-03-12T19:18:54.251;
970000;931;19116;0;2400;2022-03-12T19:21:13.228;
971000;930;19162;0;1765;2022-03-12T19:23:32.353;
972000;934;19345;0;1598;2022-03-12T19:25:52.914;
973000;924;19618;0;2521;2022-03-12T19:28:15.829;
974000;927;19242;0;1853;2022-03-12T19:30:35.550;
975000;931;19365;0;2299;2022-03-12T19:32:56.295;
976000;935;19309;0;1962;2022-03-12T19:35:17.527;
977000;939;19582;0;1572;2022-03-12T19:37:39.693;
978000;937;19337;0;2071;2022-03-12T19:39:59.972;
979000;932;19039;0;1918;2022-03-12T19:42:18.553;
980000;929;19481;0;2193;2022-03-12T19:44:40.621;
981000;921;19457;0;2524;2022-03-12T19:47:01.643;
982000;919;19148;0;2690;2022-03-12T19:49:21.092;
983000;935;19161;0;2086;2022-03-12T19:51:39.942;
984000;932;19383;0;2153;2022-03-12T19:54:00.989;
985000;932;19107;0;2226;2022-03-12T19:56:19.753;
986000;917;18904;0;2446;2022-03-12T19:58:37.583;
987000;939;19197;0;1616;2022-03-12T20:00:57.130;
988000;914;19270;0;2572;2022-03-12T20:03:17.137;
989000;929;19250;0;2174;2022-03-12T20:05:37.372;
990000;942;19161;0;2033;2022-03-12T20:07:57.858;
991000;921;19040;0;2348;2022-03-12T20:10:15.975;
992000;931;19071;0;1947;2022-03-12T20:12:34.848;
993000;911;19003;0;2879;2022-03-12T20:14:53.008;
994000;937;19012;0;2235;2022-03-12T20:17:11.376;
995000;927;19184;0;2111;2022-03-12T20:19:30.976;
996000;923;18794;0;2151;2022-03-12T20:21:48.109;
997000;936;19207;0;1808;2022-03-12T20:24:07.734;
998000;920;19314;0;1798;2022-03-12T20:26:28.771;
999000;926;18978;0;1969;2022-03-12T20:28:46.736;
1000000;917;19224;0;2279;2022-03-12T20:31:06.940;
1001000;933;19077;0;1939;2022-03-12T20:33:26.031;
1002000;948;19335;0;1517;2022-03-12T20:35:47.197;
1003000;929;19044;0;2160;2022-03-12T20:38:05.943;
1004000;925;19180;0;2371;2022-03-12T20:40:25.093;
1005000;940;19421;0;1897;2022-03-12T20:42:46.365;
1006000;918;18960;0;2489;2022-03-12T20:45:04.243;
1007000;938;19166;0;1915;2022-03-12T20:47:24.625;
1008000;935;18899;0;2372;2022-03-12T20:49:45.584;
1009000;940;19441;0;1954;2022-03-12T20:52:09.512;
1010000;932;19517;0;2000;2022-03-12T20:54:31.728;
1011000;922;19102;0;2446;2022-03-12T20:56:50.903;
1012000;932;19005;0;2078;2022-03-12T20:59:09.451;
1013000;936;19821;0;2169;2022-03-12T21:01:33.801;
1014000;925;19168;0;2748;2022-03-12T21:03:53.628;
1015000;913;18888;0;2635;2022-03-12T21:06:11.691;
1016000;934;19721;0;1893;2022-03-12T21:08:35.078;
1017000;942;19104;0;1950;2022-03-12T21:10:54.691;
1018000;925;18918;0;2057;2022-03-12T21:13:12.617;
1019000;935;19127;0;1730;2022-03-12T21:15:32.359;
1020000;920;18919;0;2807;2022-03-12T21:17:51.852;
1021000;926;18401;0;2716;2022-03-12T21:20:06.151;
1022000;925;19520;0;2060;2022-03-12T21:22:28.553;
1023000;923;19246;0;2636;2022-03-12T21:24:49.462;
1024000;917;18994;0;2451;2022-03-12T21:27:07.875;
1025000;928;19133;0;2092;2022-03-12T21:29:27.599;
1026000;911;18800;0;3006;2022-03-12T21:31:45.227;
1027000;924;19495;0;2136;2022-03-12T21:34:07.351;
1028000;921;18955;0;2320;2022-03-12T21:36:25.557;
1029000;927;19070;0;2475;2022-03-12T21:38:44.791;
1030000;936;19195;0;2047;2022-03-12T21:41:05.194;
1031000;922;19131;0;2021;2022-03-12T21:43:24.797;
1032000;924;18890;0;2462;2022-03-12T21:45:42.550;
1033000;923;18852;0;2461;2022-03-12T21:48:00.675;
1034000;913;18730;0;2417;2022-03-12T21:50:17.125;
1035000;936;19101;0;2214;2022-03-12T21:52:36.527;
1036000;920;18789;0;2508;2022-03-12T21:54:54.111;
1037000;926;18932;0;2119;2022-03-12T21:57:12.237;
1038000;926;19112;0;2008;2022-03-12T21:59:32.026;
1039000;939;18994;0;1845;2022-03-12T22:01:51.067;
1040000;920;18943;0;2505;2022-03-12T22:04:08.931;
1041000;921;19002;0;2672;2022-03-12T22:06:27.821;
1042000;925;18870;0;2359;2022-03-12T22:08:45.745;
1043000;920;19186;0;2289;2022-03-12T22:11:05.772;
1044000;927;18973;0;2434;2022-03-12T22:13:23.528;
1045000;928;19611;0;2034;2022-03-12T22:15:46.300;
1046000;915;18959;0;2276;2022-03-12T22:18:05.104;
1047000;922;19002;0;2103;2022-03-12T22:20:23.268;
1048000;920;18598;0;2624;2022-03-12T22:22:39.082;
1049000;934;19510;0;1639;2022-03-12T22:25:01.052;
1050000;913;19141;0;2369;2022-03-12T22:27:20.748;
1051000;924;19024;0;2133;2022-03-12T22:29:45.343;
1052000;928;19010;0;2114;2022-03-12T22:32:04.687;
1053000;925;19349;0;2306;2022-03-12T22:34:25.389;
1054000;929;19116;0;2597;2022-03-12T22:36:44.631;
1055000;921;18741;0;2331;2022-03-12T22:39:01.535;
1056000;912;18892;0;2429;2022-03-12T22:41:19.401;
1057000;936;19307;0;2028;2022-03-12T22:43:39.936;
1058000;930;19194;0;1917;2022-03-12T22:45:59.912;
1059000;921;18978;0;1812;2022-03-12T22:48:18.577;
1060000;931;19306;0;2280;2022-03-12T22:50:39.310;
1061000;932;19293;0;1786;2022-03-12T22:52:59.628;
1062000;926;18897;0;2183;2022-03-12T22:55:17.360;
1063000;945;19544;0;1686;2022-03-12T22:57:39.398;
1064000;939;19496;0;1563;2022-03-12T23:00:01.726;
1065000;935;19437;0;2225;2022-03-12T23:02:26.277;
1066000;922;19233;0;2390;2022-03-12T23:04:49.313;
1067000;943;19250;0;1957;2022-03-12T23:07:09.467;
1068000;925;18852;0;2071;2022-03-12T23:09:27.575;
1069000;945;19221;0;1724;2022-03-12T23:11:47.548;
1070000;944;19358;0;1341;2022-03-12T23:14:08.500;
1071000;944;19504;0;1504;2022-03-12T23:16:31.027;
1072000;933;19180;0;1957;2022-03-12T23:18:50.651;
1073000;917;18930;0;3024;2022-03-12T23:21:08.918;
1074000;916;18842;0;2461;2022-03-12T23:23:25.944;
1075000;916;18908;0;2651;2022-03-12T23:25:43.555;
1076000;911;19042;0;2618;2022-03-12T23:28:02.751;
1077000;936;19080;0;1886;2022-03-12T23:30:21.701;
1078000;919;19172;0;2306;2022-03-12T23:32:41.392;
1079000;932;19189;0;1691;2022-03-12T23:35:02.183;
1080000;924;18897;0;2289;2022-03-12T23:37:19.782;
1081000;928;19142;0;1927;2022-03-12T23:39:39.709;
1082000;937;18866;0;1474;2022-03-12T23:41:57.683;
1083000;928;19147;0;2260;2022-03-12T23:44:17.280;
1084000;929;19738;0;1800;2022-03-12T23:46:41.338;
1085000;944;19015;0;2115;2022-03-12T23:48:59.730;
1086000;924;19494;0;2083;2022-03-12T23:51:21.521;
1087000;920;18942;0;1871;2022-03-12T23:53:39.474;
1088000;942;19670;0;1235;2022-03-12T23:56:02.840;
1089000;929;19242;0;2063;2022-03-12T23:58:23.091;
1090000;935;19143;0;2006;2022-03-13T00:00:43.155;
1091000;906;19098;0;3090;2022-03-13T00:03:03.099;
1092000;945;19106;0;1578;2022-03-13T00:05:22.534;
1093000;935;19253;0;1559;2022-03-13T00:07:42.808;
1094000;920;18803;0;2340;2022-03-13T00:10:00.046;
1095000;918;19028;0;2525;2022-03-13T00:12:19.036;
1096000;927;18952;0;2306;2022-03-13T00:14:37.064;
1097000;923;19378;0;2677;2022-03-13T00:16:58.374;
1098000;938;19219;0;1899;2022-03-13T00:19:18.056;
1099000;933;19304;0;2025;2022-03-13T00:21:38.759;
1100000;934;19032;0;2086;2022-03-13T00:23:57.752;
1101000;927;19143;0;2372;2022-03-13T00:26:17.400;
1102000;926;19707;0;1830;2022-03-13T00:28:40.836;
1103000;928;18849;0;2386;2022-03-13T00:30:58.805;
1104000;931;19696;0;1984;2022-03-13T00:33:22.353;
1105000;934;19556;0;1796;2022-03-13T00:35:44.986;
1106000;924;19211;0;2159;2022-03-13T00:38:04.665;
1107000;929;19033;0;2209;2022-03-13T00:40:23.923;
1108000;919;19226;0;2479;2022-03-13T00:42:44.268;
1109000;924;19027;0;2171;2022-03-13T00:45:03.086;
1110000;935;19330;0;1904;2022-03-13T00:47:23.965;
1111000;927;18871;0;2311;2022-03-13T00:49:41.996;
1112000;922;18716;0;1971;2022-03-13T00:51:58.698;
1113000;930;19091;0;1857;2022-03-13T00:54:17.806;
1114000;930;19409;0;2117;2022-03-13T00:56:39.427;
1115000;933;19197;0;1988;2022-03-13T00:58:59.432;
1116000;944;19011;0;1888;2022-03-13T01:01:17.646;
1117000;912;19118;0;2272;2022-03-13T01:03:37.608;
1118000;935;19215;0;1620;2022-03-13T01:05:57.713;
1119000;937;19555;0;1817;2022-03-13T01:08:20.877;
1120000;925;19300;0;1835;2022-03-13T01:10:41.711;
1121000;928;19381;0;1901;2022-03-13T01:13:02.984;
1122000;921;19000;0;1984;2022-03-13T01:15:21.306;
1123000;939;19206;0;1627;2022-03-13T01:17:41.647;
1124000;927;19481;0;1983;2022-03-13T01:20:04.102;
1125000;920;19119;0;2399;2022-03-13T01:22:23.377;
1126000;927;19422;0;2126;2022-03-13T01:24:44.948;
1127000;934;18842;0;2099;2022-03-13T01:27:02.664;
1128000;923;19269;0;2573;2022-03-13T01:29:22.597;
1129000;934;19141;0;2063;2022-03-13T01:31:41.902;
1130000;934;19152;0;1970;2022-03-13T01:34:01.904;
1131000;927;19208;0;2280;2022-03-13T01:36:22.501;
1132000;940;19165;0;1935;2022-03-13T01:38:42.618;
1133000;919;19151;0;2461;2022-03-13T01:41:02.492;
1134000;936;18876;0;1656;2022-03-13T01:43:20.001;
1135000;918;19066;0;2580;2022-03-13T01:45:39.155;
1136000;929;18758;0;2633;2022-03-13T01:47:56.093;
1137000;912;19075;0;2277;2022-03-13T01:50:15.495;
1138000;919;19018;0;2617;2022-03-13T01:52:34.174;
1139000;943;19462;0;1439;2022-03-13T01:54:55.898;
1140000;911;19364;0;3040;2022-03-13T01:57:17.443;
1141000;942;19219;0;1661;2022-03-13T01:59:37.260;
1142000;929;19133;0;2393;2022-03-13T02:01:56.673;
1143000;928;19334;0;2246;2022-03-13T02:04:18.144;
1144000;923;19045;0;1936;2022-03-13T02:06:36.528;
1145000;948;19017;0;1458;2022-03-13T02:08:55.374;
1146000;929;19145;0;2069;2022-03-13T02:11:15.337;
1147000;928;19105;0;1769;2022-03-13T02:13:34.505;
1148000;920;19057;0;2011;2022-03-13T02:15:53.090;
1149000;941;19327;0;1668;2022-03-13T02:18:14.423;
1150000;934;19515;0;2255;2022-03-13T02:20:36.589;
1151000;930;19178;0;2207;2022-03-13T02:22:56.544;
1152000;929;19391;0;2042;2022-03-13T02:25:17.494;
1153000;932;19194;0;1966;2022-03-13T02:27:37.631;
1154000;917;19447;0;2402;2022-03-13T02:29:59.467;
1155000;925;19138;0;2146;2022-03-13T02:32:18.829;
1156000;930;19549;0;1808;2022-03-13T02:34:41.743;
1157000;927;18819;0;2093;2022-03-13T02:36:59.231;
1158000;936;18907;0;2425;2022-03-13T02:39:17.213;
1159000;922;19086;0;2841;2022-03-13T02:41:36.870;
1160000;933;19193;0;1752;2022-03-13T02:43:56.868;
1161000;941;19302;0;1812;2022-03-13T02:46:17.479;
1162000;929;19048;0;2289;2022-03-13T02:48:36.425;
1163000;928;18997;0;2230;2022-03-13T02:50:55.331;
1164000;927;19091;0;1938;2022-03-13T02:53:14.489;
1165000;931;18796;0;2447;2022-03-13T02:55:31.836;
1166000;929;18913;0;2606;2022-03-13T02:57:50.014;
1167000;922;19100;0;2298;2022-03-13T03:00:09.532;
1168000;925;18975;0;2340;2022-03-13T03:02:28.113;
1169000;934;18998;0;2204;2022-03-13T03:04:46.992;
1170000;910;18908;0;2472;2022-03-13T03:07:04.374;
1171000;918;19298;0;1999;2022-03-13T03:09:25.199;
1172000;920;18771;0;2189;2022-03-13T03:11:41.772;
1173000;906;19161;0;2839;2022-03-13T03:14:01.541;
1174000;931;19216;0;2175;2022-03-13T03:16:21.778;
1175000;948;19060;0;1299;2022-03-13T03:18:40.358;
1176000;924;18839;0;2199;2022-03-13T03:20:58.271;
1177000;924;18945;0;2134;2022-03-13T03:23:16.504;
1178000;924;19177;0;2245;2022-03-13T03:25:36.488;
1179000;931;19049;0;2172;2022-03-13T03:27:55.732;
1180000;940;18891;0;1854;2022-03-13T03:30:13.408;
1181000;920;18999;0;2347;2022-03-13T03:32:31.226;
1182000;936;19520;0;2056;2022-03-13T03:34:55.074;
1183000;929;19180;0;1510;2022-03-13T03:37:14.744;
1184000;938;18937;0;2365;2022-03-13T03:39:32.133;
1185000;920;19064;0;2531;2022-03-13T03:41:51.513;
1186000;906;18863;0;2689;2022-03-13T03:44:09.365;
1187000;947;19112;0;1541;2022-03-13T03:46:28.168;
1188000;932;18918;0;2036;2022-03-13T03:48:46.215;
1189000;917;18944;0;2631;2022-03-13T03:51:10.012;
1190000;928;19362;0;1996;2022-03-13T03:53:32.929;
1191000;920;18927;0;2101;2022-03-13T03:55:50.921;
1192000;923;19427;0;2191;2022-03-13T03:58:18.200;
1193000;912;19322;0;2529;2022-03-13T04:00:39.118;
1194000;930;19334;0;2120;2022-03-13T04:02:59.759;
1195000;938;19194;0;1478;2022-03-13T04:05:19.905;
1196000;906;19070;0;2597;2022-03-13T04:07:38.838;
1197000;916;19036;0;2588;2022-03-13T04:09:57.145;
1198000;938;19159;0;1863;2022-03-13T04:12:17.051;
1199000;932;19239;0;1968;2022-03-13T04:14:36.808;
1200000;936;19135;0;2025;2022-03-13T04:16:56.910;
1201000;920;19348;0;2095;2022-03-13T04:19:18.111;
1202000;931;19251;0;1776;2022-03-13T04:21:38.968;
1203000;935;19144;0;1977;2022-03-13T04:23:58.763;
1204000;921;18927;0;2389;2022-03-13T04:26:16.363;
1205000;939;19021;0;1876;2022-03-13T04:28:35.040;
1206000;931;19452;0;1998;2022-03-13T04:30:57.161;
1207000;918;18607;0;2680;2022-03-13T04:33:12.995;
1208000;927;19503;0;1923;2022-03-13T04:35:35.111;
1209000;924;19049;0;2178;2022-03-13T04:37:53.744;
1210000;939;19213;0;1939;2022-03-13T04:40:13.624;
1211000;927;19353;0;2192;2022-03-13T04:42:34.786;
1212000;927;18908;0;2430;2022-03-13T04:44:52.805;
1213000;934;19035;0;2066;2022-03-13T04:47:12.159;
1214000;910;18601;0;2714;2022-03-13T04:49:27.567;
1215000;929;19539;0;2218;2022-03-13T04:51:49.839;
1216000;926;19070;0;2213;2022-03-13T04:54:08.920;
1217000;921;19460;0;2446;2022-03-13T04:56:30.501;
1218000;925;18898;0;2190;2022-03-13T04:58:48.418;
1219000;927;18947;0;2262;2022-03-13T05:01:06.650;
1220000;919;19276;0;3054;2022-03-13T05:03:26.954;
1221000;926;19433;0;2281;2022-03-13T05:05:49.319;
1222000;936;19335;0;1777;2022-03-13T05:08:10.126;
1223000;938;19080;0;1602;2022-03-13T05:10:29.586;
1224000;924;19259;0;2487;2022-03-13T05:12:50.477;
1225000;937;19503;0;1752;2022-03-13T05:15:12.931;
1226000;937;18986;0;2175;2022-03-13T05:17:31.274;
1227000;921;18942;0;2483;2022-03-13T05:19:49.626;
1228000;932;19295;0;1913;2022-03-13T05:22:10.523;
1229000;925;18964;0;2434;2022-03-13T05:24:28.795;
1230000;923;19041;0;2542;2022-03-13T05:26:47.774;
1231000;928;18680;0;2099;2022-03-13T05:29:03.775;
1232000;919;19196;0;2656;2022-03-13T05:31:23.581;
1233000;923;19139;0;1952;2022-03-13T05:33:43.345;
1234000;919;18915;0;2639;2022-03-13T05:36:01.459;
1235000;937;19086;0;2061;2022-03-13T05:38:20.084;
1236000;930;19563;0;1692;2022-03-13T05:40:43.221;
1237000;939;19414;0;1769;2022-03-13T05:43:05.064;
1238000;941;19396;0;1809;2022-03-13T05:45:26.632;
1239000;924;18931;0;2171;2022-03-13T05:47:44.206;
1240000;925;18786;0;2514;2022-03-13T05:50:01.041;
1241000;933;19314;0;2050;2022-03-13T05:52:21.582;
1242000;936;19418;0;1595;2022-03-13T05:54:42.709;
1243000;930;19098;0;1930;2022-03-13T05:57:02.088;
1244000;930;19330;0;1659;2022-03-13T05:59:22.754;
1245000;938;19177;0;1733;2022-03-13T06:01:42.648;
1246000;919;19173;0;2309;2022-03-13T06:04:01.895;
1247000;924;19075;0;2004;2022-03-13T06:06:21.087;
1248000;921;19192;0;2088;2022-03-13T06:08:40.557;
1249000;928;18886;0;1375;2022-03-13T06:10:58.426;
1250000;930;19251;0;2376;2022-03-13T06:13:18.558;
1251000;920;19148;0;2123;2022-03-13T06:15:38.506;
1252000;932;19022;0;1516;2022-03-13T06:17:57.390;
1253000;926;19658;0;2262;2022-03-13T06:20:20.774;
1254000;947;19478;0;1423;2022-03-13T06:22:43.248;
1255000;926;19281;0;2016;2022-03-13T06:25:03.603;
1256000;934;19458;0;2138;2022-03-13T06:27:27.748;
1257000;934;19011;0;2202;2022-03-13T06:29:48.265;
1258000;934;18806;0;1940;2022-03-13T06:32:06.125;
1259000;917;18925;0;2637;2022-03-13T06:34:24.422;
1260000;928;19103;0;2436;2022-03-13T06:36:44.138;
1261000;929;18798;0;2355;2022-03-13T06:39:01.215;
1262000;932;19382;0;1926;2022-03-13T06:41:22.640;
1263000;916;19448;0;2453;2022-03-13T06:43:44.340;
1264000;913;19317;0;2585;2022-03-13T06:46:04.917;
1265000;906;19213;0;2721;2022-03-13T06:48:25.583;
1266000;911;19118;0;2642;2022-03-13T06:50:44.447;
1267000;929;19234;0;2217;2022-03-13T06:53:04.476;
1268000;925;19013;0;2130;2022-03-13T06:55:23.270;
1269000;915;18419;0;2982;2022-03-13T06:57:37.649;
1270000;937;18767;0;2099;2022-03-13T06:59:54.048;
1271000;935;19365;0;1759;2022-03-13T07:02:15.246;
1272000;926;18786;0;2113;2022-03-13T07:04:32.115;
1273000;936;18880;0;2147;2022-03-13T07:06:50;
1274000;930;18995;0;1986;2022-03-13T07:09:08.215;
1275000;921;18633;0;2385;2022-03-13T07:11:24.165;
1276000;933;18887;0;1788;2022-03-13T07:13:42.043;
1277000;919;19110;0;2204;2022-03-13T07:16:01.347;
1278000;923;18844;0;2379;2022-03-13T07:18:18.254;
1279000;941;19184;0;1871;2022-03-13T07:20:38.221;
1280000;915;18628;0;2987;2022-03-13T07:22:53.804;
1281000;923;19172;0;1896;2022-03-13T07:25:13.666;
1282000;925;19026;0;2052;2022-03-13T07:27:32.136;
1283000;930;19358;0;2336;2022-03-13T07:29:53.512;
1284000;923;18850;0;2584;2022-03-13T07:32:10.649;
1285000;917;19044;0;2446;2022-03-13T07:34:30.078;
1286000;923;19175;0;2350;2022-03-13T07:36:49.908;
1287000;925;19032;0;2386;2022-03-13T07:39:08.448;
1288000;919;19081;0;2437;2022-03-13T07:41:27.429;
1289000;925;19467;0;2370;2022-03-13T07:43:49.017;
1290000;925;19218;0;2294;2022-03-13T07:46:09.006;
1291000;932;19026;0;1669;2022-03-13T07:48:27.628;
1292000;939;18951;0;1852;2022-03-13T07:50:46.347;
1293000;918;18843;0;2585;2022-03-13T07:53:04.242;
1294000;921;18980;0;2323;2022-03-13T07:55:22.255;
1295000;919;19227;0;2529;2022-03-13T07:57:42.295;
1296000;924;19213;0;2415;2022-03-13T08:00:02.451;
1297000;915;18788;0;3032;2022-03-13T08:02:19.782;
1298000;923;18734;0;2276;2022-03-13T08:04:36.212;
1299000;927;19325;0;1825;2022-03-13T08:06:56.879;
1300000;942;18995;0;1921;2022-03-13T08:09:15.914;
1301000;925;19399;0;2122;2022-03-13T08:11:37.387;
1302000;915;18779;0;2708;2022-03-13T08:13:54.056;
1303000;922;18977;0;2272;2022-03-13T08:16:12.471;
1304000;925;19161;0;2350;2022-03-13T08:18:32.140;
1305000;926;19403;0;1933;2022-03-13T08:20:53.528;
1306000;929;19154;0;1915;2022-03-13T08:23:13.274;
1307000;937;19158;0;1902;2022-03-13T08:25:33.258;
1308000;933;19682;0;2373;2022-03-13T08:27:56.225;
1309000;922;18979;0;2565;2022-03-13T08:30:14.603;
1310000;928;18885;0;2480;2022-03-13T08:32:32.588;
1311000;931;18946;0;2307;2022-03-13T08:34:51.044;
1312000;916;18988;0;2462;2022-03-13T08:37:09.432;
1313000;920;19045;0;2208;2022-03-13T08:39:27.970;
1314000;930;19514;0;1844;2022-03-13T08:41:50.218;
1315000;925;19100;0;2409;2022-03-13T08:44:09.338;
1316000;930;18999;0;2400;2022-03-13T08:46:27.891;
1317000;928;18944;0;1778;2022-03-13T08:48:45.685;
1318000;921;19248;0;1927;2022-03-13T08:51:05.940;
1319000;916;19199;0;2709;2022-03-13T08:53:26.053;
1320000;933;19396;0;1865;2022-03-13T08:55:47.565;
1321000;918;19137;0;2420;2022-03-13T08:58:06.537;
1322000;930;19404;0;1681;2022-03-13T09:00:28.116;
1323000;925;18733;0;1957;2022-03-13T09:02:45.045;
1324000;921;19102;0;1859;2022-03-13T09:05:04.153;
1325000;940;18966;0;2071;2022-03-13T09:07:22.242;
1326000;925;18830;0;2119;2022-03-13T09:09:39.994;
1327000;946;18887;0;1674;2022-03-13T09:11:57.155;
1328000;939;19193;0;1953;2022-03-13T09:14:17.540;
1329000;931;19082;0;2067;2022-03-13T09:16:36.542;
1330000;939;19822;0;1886;2022-03-13T09:19:01.243;
1331000;932;19459;0;2036;2022-03-13T09:21:23.476;
1332000;931;19385;0;2053;2022-03-13T09:23:44.734;
1333000;924;19033;0;2159;2022-03-13T09:26:03.408;
1334000;926;18416;0;2374;2022-03-13T09:28:17.519;
1335000;943;19677;0;1859;2022-03-13T09:30:41.152;
1336000;906;18875;0;2782;2022-03-13T09:32:58.768;
1337000;917;19250;0;2456;2022-03-13T09:35:19.094;
1338000;927;19207;0;1823;2022-03-13T09:37:38.820;
1339000;933;18953;0;2492;2022-03-13T09:39:57.105;
1340000;933;19518;0;1838;2022-03-13T09:42:19.407;
1341000;930;19186;0;2087;2022-03-13T09:44:39.220;
1342000;923;18915;0;2331;2022-03-13T09:46:56.795;
1343000;930;19165;0;1943;2022-03-13T09:49:17.008;
1344000;917;19219;0;2381;2022-03-13T09:51:36.397;
1345000;922;19393;0;1574;2022-03-13T09:53:57.716;
1346000;934;19155;0;1476;2022-03-13T09:56:17.443;
1347000;925;18897;0;2425;2022-03-13T09:58:35.223;
1348000;937;19147;0;1763;2022-03-13T10:00:55.206;
1349000;918;19195;0;2676;2022-03-13T10:03:15.001;
1350000;915;19182;0;2231;2022-03-13T10:05:34.920;
1351000;945;19241;0;1331;2022-03-13T10:07:54.908;
1352000;937;19418;0;1459;2022-03-13T10:10:16.141;
1353000;931;19255;0;1988;2022-03-13T10:12:36.744;
1354000;931;19369;0;2504;2022-03-13T10:14:57.460;
1355000;932;19178;0;2014;2022-03-13T10:17:17.295;
1356000;931;19203;0;2133;2022-03-13T10:19:37.150;
1357000;920;19211;0;2326;2022-03-13T10:21:57.110;
1358000;918;19074;0;2549;2022-03-13T10:24:16.234;
1359000;925;18968;0;2314;2022-03-13T10:26:34.280;
1360000;925;19011;0;2401;2022-03-13T10:28:53.160;
1361000;928;19446;0;2297;2022-03-13T10:31:14.777;
1362000;934;19354;0;1766;2022-03-13T10:33:36.278;
1363000;943;18896;0;1944;2022-03-13T10:35:54.346;
1364000;929;19184;0;2106;2022-03-13T10:38:14.526;
1365000;939;18776;0;2073;2022-03-13T10:40:32.031;
1366000;925;18925;0;2694;2022-03-13T10:42:49.746;
1367000;931;19246;0;2166;2022-03-13T10:45:09.909;
1368000;924;18950;0;2216;2022-03-13T10:47:28.119;
1369000;927;19142;0;2421;2022-03-13T10:49:47.494;
1370000;931;18882;0;2099;2022-03-13T10:52:05.010;
1371000;944;19293;0;1747;2022-03-13T10:54:25.997;
1372000;939;19577;0;1749;2022-03-13T10:56:49.253;
1373000;921;18972;0;3011;2022-03-13T10:59:06.820;
1374000;944;19104;0;1784;2022-03-13T11:01:25.909;
1375000;924;19138;0;2393;2022-03-13T11:03:50.784;
1376000;935;19766;0;1621;2022-03-13T11:06:17.369;
