totalGamesPlayed;gamesWonInSeries;movesInSeries;correctMovesInSeries;cellsToUnCoverInSeries;timestamp;
1000;7;5170;0;27788;2022-04-07T12:58:17.173;
2000;119;9638;0;19827;2022-04-07T12:59:16.686;
3000;280;12331;0;15746;2022-04-07T13:00:32.283;
4000;444;14304;0;13735;2022-04-07T13:02:00.165;
5000;536;15321;0;12882;2022-04-07T13:03:33.321;
6000;594;15428;0;12137;2022-04-07T13:05:06.970;
7000;624;15868;0;12162;2022-04-07T13:06:43.450;
8000;675;16692;0;10327;2022-04-07T13:08:24.945;
9000;689;16375;0;10228;2022-04-07T13:10:04.226;
10000;689;16502;0;11057;2022-04-07T13:11:44.447;
11000;719;16565;0;10035;2022-04-07T13:13:24.932;
12000;722;16994;0;8843;2022-04-07T13:15:07.829;
13000;734;16912;0;9280;2022-04-07T13:16:50.391;
14000;765;17449;0;7801;2022-04-07T13:18:36.125;
15000;764;17157;0;9804;2022-04-07T13:20:20.267;
16000;783;16817;0;9823;2022-04-07T13:22:02.039;
17000;752;16836;0;9787;2022-04-07T13:23:43.908;
18000;762;16856;0;9544;2022-04-07T13:25:26.013;
19000;771;17012;0;9429;2022-04-07T13:27:08.955;
20000;781;16833;0;9410;2022-04-07T13:28:51.336;
21000;792;17302;0;8784;2022-04-07T13:30:36.191;
22000;778;17334;0;8656;2022-04-07T13:32:20.999;
23000;776;17347;0;9573;2022-04-07T13:34:06.160;
24000;789;17314;0;9030;2022-04-07T13:35:50.827;
25000;802;17740;0;7743;2022-04-07T13:37:39.202;
26000;798;17674;0;7961;2022-04-07T13:39:26.533;
27000;788;17200;0;9021;2022-04-07T13:41:10.539;
28000;808;17294;0;7826;2022-04-07T13:42:56.644;
29000;813;17488;0;7573;2022-04-07T13:44:43.180;
30000;792;17579;0;9184;2022-04-07T13:46:30.250;
31000;816;17558;0;7557;2022-04-07T13:48:17.319;
32000;809;17921;0;8291;2022-04-07T13:50:06.442;
33000;814;17648;0;7708;2022-04-07T13:51:53.607;
34000;822;18153;0;7615;2022-04-07T13:53:43.972;
35000;826;18076;0;7980;2022-04-07T13:55:33.877;
36000;824;18175;0;7224;2022-04-07T13:57:24.646;
37000;804;17291;0;8453;2022-04-07T13:59:09.717;
38000;798;17230;0;8858;2022-04-07T14:00:54.328;
39000;834;18444;0;6593;2022-04-07T14:02:46.600;
40000;823;18233;0;7317;2022-04-07T14:04:37.560;
41000;805;17812;0;9220;2022-04-07T14:06:25.990;
42000;816;17566;0;8084;2022-04-07T14:08:12.753;
43000;818;17964;0;7497;2022-04-07T14:10:02.071;
44000;832;18189;0;7411;2022-04-07T14:11:52.229;
45000;822;17597;0;7343;2022-04-07T14:13:39.207;
46000;844;18232;0;7264;2022-04-07T14:15:30.067;
47000;829;18131;0;7015;2022-04-07T14:17:20.042;
48000;817;17467;0;7818;2022-04-07T14:19:06.425;
49000;837;18139;0;7674;2022-04-07T14:20:56.400;
50000;830;18570;0;7734;2022-04-07T14:22:49.095;
51000;855;18363;0;6778;2022-04-07T14:24:40.873;
52000;819;17412;0;8988;2022-04-07T14:26:27.804;
53000;834;18211;0;7503;2022-04-07T14:28:18.226;
54000;821;18053;0;7957;2022-04-07T14:30:07.783;
55000;845;18323;0;6926;2022-04-07T14:31:58.956;
56000;833;17635;0;7346;2022-04-07T14:33:46.211;
57000;833;17990;0;7944;2022-04-07T14:35:35.295;
58000;842;18045;0;7107;2022-04-07T14:37:24.585;
59000;852;18238;0;7119;2022-04-07T14:39:15.076;
60000;845;18144;0;7055;2022-04-07T14:41:05.248;
61000;859;18374;0;6256;2022-04-07T14:42:56.970;
62000;858;18218;0;7035;2022-04-07T14:44:47.445;
63000;828;17907;0;8273;2022-04-07T14:46:36.332;
64000;832;18191;0;7226;2022-04-07T14:48:26.843;
65000;827;17633;0;7948;2022-04-07T14:50:13.801;
66000;815;17242;0;7968;2022-04-07T14:51:58.580;
67000;851;18223;0;6479;2022-04-07T14:53:49.036;
68000;837;18175;0;6728;2022-04-07T14:55:39.381;
69000;847;18046;0;7016;2022-04-07T14:57:28.763;
70000;834;17813;0;7907;2022-04-07T14:59:16.943;
71000;880;19007;0;5262;2022-04-07T15:01:12.253;
72000;871;18597;0;6277;2022-04-07T15:03:05.297;
73000;848;18651;0;7238;2022-04-07T15:04:58.301;
74000;852;18080;0;6888;2022-04-07T15:06:47.438;
75000;842;18498;0;6764;2022-04-07T15:08:39.626;
76000;847;18118;0;6026;2022-04-07T15:10:29.576;
77000;853;18488;0;6284;2022-04-07T15:12:21.560;
78000;842;18243;0;7163;2022-04-07T15:14:11.787;
79000;882;18724;0;5911;2022-04-07T15:16:05.307;
80000;843;18079;0;7072;2022-04-07T15:17:54.956;
81000;860;18675;0;6300;2022-04-07T15:19:48.145;
82000;843;18421;0;6652;2022-04-07T15:21:39.408;
83000;867;18505;0;5999;2022-04-07T15:23:31.620;
84000;844;18125;0;8108;2022-04-07T15:25:21.597;
85000;837;18166;0;7532;2022-04-07T15:27:11.809;
86000;833;18266;0;7677;2022-04-07T15:29:02.745;
87000;851;18420;0;7081;2022-04-07T15:30:54.349;
88000;867;18877;0;5507;2022-04-07T15:32:49.022;
89000;861;17942;0;7138;2022-04-07T15:34:38.336;
90000;862;18260;0;6120;2022-04-07T15:36:29.182;
91000;856;18109;0;6841;2022-04-07T15:38:19.197;
92000;834;17903;0;7543;2022-04-07T15:40:07.975;
93000;850;18996;0;7177;2022-04-07T15:42:03.400;
94000;836;17833;0;7825;2022-04-07T15:43:51.616;
95000;862;18249;0;6466;2022-04-07T15:45:41.979;
96000;869;18766;0;6493;2022-04-07T15:47:35.941;
97000;875;18549;0;5969;2022-04-07T15:49:28.676;
98000;838;18361;0;7363;2022-04-07T15:51:19.753;
99000;861;18401;0;6744;2022-04-07T15:53:11.279;
100000;875;18810;0;5619;2022-04-07T15:55:05.931;
101000;860;18572;0;6444;2022-04-07T15:56:59.940;
102000;841;18149;0;7484;2022-04-07T15:58:49.779;
103000;870;18351;0;6140;2022-04-07T16:00:40.567;
104000;875;18636;0;6012;2022-04-07T16:02:33.267;
105000;854;18133;0;7255;2022-04-07T16:04:23.377;
106000;848;18169;0;7041;2022-04-07T16:06:12.972;
107000;867;18309;0;6198;2022-04-07T16:08:04.109;
108000;873;18651;0;6119;2022-04-07T16:09:57.203;
109000;861;18417;0;6419;2022-04-07T16:11:48.804;
110000;860;18399;0;7132;2022-04-07T16:13:40.058;
111000;853;18246;0;7074;2022-04-07T16:15:30.614;
112000;863;18479;0;6355;2022-04-07T16:17:22.163;
113000;860;18099;0;6762;2022-04-07T16:19:11.785;
114000;876;18568;0;6540;2022-04-07T16:21:04.162;
115000;857;18077;0;6641;2022-04-07T16:22:53.713;
116000;852;18406;0;7506;2022-04-07T16:24:45.124;
117000;850;18021;0;7331;2022-04-07T16:26:34.259;
118000;858;17967;0;6926;2022-04-07T16:28:23.064;
119000;865;18268;0;6515;2022-04-07T16:30:13.901;
120000;860;18265;0;6453;2022-04-07T16:32:04.212;
121000;866;18419;0;6350;2022-04-07T16:33:55.749;
122000;852;18131;0;7184;2022-04-07T16:35:45.850;
123000;853;18243;0;7686;2022-04-07T16:37:36.159;
124000;839;18034;0;7609;2022-04-07T16:39:25.348;
125000;833;17927;0;7889;2022-04-07T16:41:14.181;
126000;870;18516;0;6082;2022-04-07T16:43:06.404;
127000;846;17921;0;7666;2022-04-07T16:44:56.937;
128000;858;18332;0;5992;2022-04-07T16:46:50.851;
129000;853;18458;0;7122;2022-04-07T16:48:43.973;
130000;862;17959;0;6714;2022-04-07T16:50:33.980;
131000;862;18668;0;6310;2022-04-07T16:52:26.877;
132000;861;17877;0;6493;2022-04-07T16:54:15.603;
133000;863;18436;0;6204;2022-04-07T16:56:07.311;
134000;852;18327;0;7184;2022-04-07T16:57:58.698;
135000;866;18300;0;6502;2022-04-07T16:59:49.556;
136000;877;18233;0;5619;2022-04-07T17:01:40.056;
137000;851;18626;0;6938;2022-04-07T17:03:32.831;
138000;861;18268;0;6376;2022-04-07T17:05:23.378;
139000;871;18259;0;6456;2022-04-07T17:07:13.886;
140000;846;17747;0;7637;2022-04-07T17:09:01.545;
141000;875;18090;0;5965;2022-04-07T17:10:51.177;
142000;841;18313;0;7073;2022-04-07T17:12:42.047;
143000;856;18248;0;6815;2022-04-07T17:14:32.565;
144000;869;18585;0;6104;2022-04-07T17:16:25.135;
145000;884;18578;0;6152;2022-04-07T17:18:17.802;
146000;863;18207;0;6607;2022-04-07T17:20:08.396;
147000;849;18118;0;7002;2022-04-07T17:21:58.172;
148000;871;18727;0;6211;2022-04-07T17:23:51.814;
149000;870;18448;0;6069;2022-04-07T17:25:43.596;
150000;863;18083;0;6914;2022-04-07T17:27:33.274;
151000;867;18516;0;6547;2022-04-07T17:29:25.328;
152000;864;18372;0;6497;2022-04-07T17:31:16.722;
153000;857;18023;0;6663;2022-04-07T17:33:05.950;
154000;875;18489;0;5625;2022-04-07T17:34:57.947;
155000;874;18298;0;6170;2022-04-07T17:36:48.782;
156000;866;18244;0;6350;2022-04-07T17:38:39.293;
157000;863;18297;0;7012;2022-04-07T17:40:30.280;
158000;864;18038;0;6572;2022-04-07T17:42:19.856;
159000;873;18899;0;6005;2022-04-07T17:44:16.406;
160000;849;18010;0;7616;2022-04-07T17:46:06.811;
161000;859;18919;0;7306;2022-04-07T17:48:03.725;
162000;866;18624;0;6650;2022-04-07T17:49:57.922;
163000;877;18914;0;5270;2022-04-07T17:51:54.609;
164000;861;18268;0;6847;2022-04-07T17:53:48.004;
165000;869;18691;0;6579;2022-04-07T17:55:44.814;
166000;891;18939;0;5556;2022-04-07T17:57:41.907;
167000;878;18664;0;5943;2022-04-07T17:59:35.423;
168000;874;18227;0;6090;2022-04-07T18:01:26.211;
169000;873;18742;0;6171;2022-04-07T18:03:20.712;
170000;863;18412;0;6394;2022-04-07T18:05:13.740;
171000;872;18352;0;6207;2022-04-07T18:07:08.055;
172000;865;18186;0;6236;2022-04-07T18:09:01.411;
173000;845;17937;0;7597;2022-04-07T18:10:52.830;
174000;867;18400;0;6572;2022-04-07T18:12:48.251;
175000;879;18505;0;6083;2022-04-07T18:14:42.359;
176000;879;18572;0;6069;2022-04-07T18:16:38.345;
177000;875;18532;0;5996;2022-04-07T18:18:34.301;
178000;869;18502;0;6170;2022-04-07T18:20:43.245;
179000;863;18501;0;7066;2022-04-07T18:22:46.981;
180000;880;18284;0;6146;2022-04-07T18:24:45.613;
181000;871;18257;0;5582;2022-04-07T18:26:48.244;
182000;861;18234;0;7564;2022-04-07T18:28:51.379;
183000;867;18124;0;6196;2022-04-07T18:30:42.128;
184000;855;17873;0;7501;2022-04-07T18:32:40.550;
185000;891;19181;0;5060;2022-04-07T18:34:36.918;
186000;865;17886;0;7041;2022-04-07T18:36:26.088;
187000;865;18253;0;6168;2022-04-07T18:38:23.473;
188000;874;18582;0;5591;2022-04-07T18:40:22.520;
189000;863;18204;0;7407;2022-04-07T18:42:13.252;
190000;866;18428;0;6358;2022-04-07T18:44:05.496;
191000;868;18653;0;6347;2022-04-07T18:45:58.457;
192000;882;18416;0;5622;2022-04-07T18:47:50.015;
193000;869;18694;0;6211;2022-04-07T18:49:43.450;
194000;879;18757;0;5969;2022-04-07T18:51:37.331;
195000;862;18215;0;7187;2022-04-07T18:53:27.976;
196000;868;18652;0;6477;2022-04-07T18:55:22.232;
197000;869;18469;0;6872;2022-04-07T18:57:17.618;
198000;873;18837;0;5820;2022-04-07T18:59:18.969;
199000;859;17868;0;6847;2022-04-07T19:01:11.121;
200000;869;18297;0;6212;2022-04-07T19:03:02.329;
201000;886;18654;0;5284;2022-04-07T19:04:55.493;
202000;857;17982;0;7315;2022-04-07T19:06:44.921;
203000;879;18346;0;5600;2022-04-07T19:08:36.257;
204000;862;18315;0;6475;2022-04-07T19:10:27.584;
205000;878;18225;0;6214;2022-04-07T19:12:18.204;
206000;876;18482;0;6035;2022-04-07T19:14:10.112;
207000;876;18258;0;5930;2022-04-07T19:16:02.860;
208000;873;17871;0;6288;2022-04-07T19:18:04.856;
209000;880;18670;0;5806;2022-04-07T19:20:58.975;
210000;884;18826;0;5853;2022-04-07T19:23:55.746;
211000;878;18819;0;5931;2022-04-07T19:26:44.528;
212000;879;18859;0;6065;2022-04-07T19:29:05.404;
213000;871;18089;0;6775;2022-04-07T19:31:21.239;
214000;855;17978;0;6930;2022-04-07T19:33:35.977;
215000;894;19285;0;5175;2022-04-07T19:35:59.468;
216000;860;18525;0;6253;2022-04-07T19:38:18.213;
217000;874;18462;0;6306;2022-04-07T19:40:37.564;
218000;853;17717;0;7504;2022-04-07T19:42:49.671;
219000;870;18395;0;6162;2022-04-07T19:45:07.340;
220000;884;18614;0;6021;2022-04-07T19:47:26.388;
221000;869;18306;0;6268;2022-04-07T19:49:43.164;
222000;883;18381;0;5804;2022-04-07T19:52:00.874;
223000;858;18185;0;7216;2022-04-07T19:54:16.893;
224000;883;18835;0;6201;2022-04-07T19:56:38.670;
225000;868;18336;0;6549;2022-04-07T19:58:55.790;
226000;869;18587;0;5838;2022-04-07T20:01:14.684;
227000;875;18562;0;6704;2022-04-07T20:03:33.228;
228000;872;18087;0;5968;2022-04-07T20:05:48.411;
229000;898;18822;0;5220;2022-04-07T20:08:09.568;
230000;881;18755;0;6169;2022-04-07T20:10:29.909;
231000;864;17872;0;7436;2022-04-07T20:12:43.676;
232000;864;18112;0;6781;2022-04-07T20:14:58.991;
233000;875;18623;0;6491;2022-04-07T20:17:18.570;
234000;885;18728;0;4972;2022-04-07T20:19:38.488;
235000;869;17960;0;6714;2022-04-07T20:21:52.284;
236000;875;18318;0;6268;2022-04-07T20:24:09.341;
237000;865;18159;0;6596;2022-04-07T20:26:24.747;
238000;873;18110;0;6541;2022-04-07T20:28:40.469;
239000;870;17647;0;6583;2022-04-07T20:30:54.493;
240000;879;18725;0;5568;2022-04-07T20:33:15.446;
241000;876;18856;0;6208;2022-04-07T20:35:37.014;
242000;863;18262;0;6412;2022-04-07T20:38:04.580;
243000;843;17690;0;7269;2022-04-07T20:40:17.022;
244000;863;18309;0;6292;2022-04-07T20:42:33.369;
245000;866;18397;0;6742;2022-04-07T20:44:50.501;
246000;876;18932;0;6195;2022-04-07T20:47:12.421;
247000;874;18193;0;6205;2022-04-07T20:49:27.825;
248000;861;18804;0;7036;2022-04-07T20:51:48.404;
249000;878;18610;0;6577;2022-04-07T20:54:07.675;
250000;888;18548;0;5323;2022-04-07T20:56:26.022;
251000;875;18483;0;6285;2022-04-07T20:58:44.683;
252000;865;18281;0;6459;2022-04-07T21:01:00.986;
253000;882;18724;0;5319;2022-04-07T21:03:20.795;
254000;865;18359;0;6667;2022-04-07T21:05:38.158;
255000;858;17824;0;7070;2022-04-07T21:07:50.915;
256000;875;18433;0;5997;2022-04-07T21:10:08.719;
257000;875;18512;0;5650;2022-04-07T21:12:26.624;
258000;869;18399;0;6496;2022-04-07T21:14:44.086;
259000;881;18715;0;6035;2022-04-07T21:17:03.897;
260000;899;18823;0;5254;2022-04-07T21:19:25.232;
261000;863;17925;0;7406;2022-04-07T21:21:38.724;
262000;872;18751;0;6734;2022-04-07T21:23:58.603;
263000;862;18656;0;7138;2022-04-07T21:26:18.506;
264000;876;18284;0;6023;2022-04-07T21:28:35.226;
265000;869;18212;0;6541;2022-04-07T21:30:50.901;
266000;872;18441;0;6240;2022-04-07T21:33:08.319;
267000;883;18598;0;5866;2022-04-07T21:35:27.099;
268000;868;18088;0;7132;2022-04-07T21:37:42.072;
269000;877;18414;0;6074;2022-04-07T21:39:59.628;
270000;891;18928;0;5084;2022-04-07T21:42:21.752;
271000;876;18492;0;6141;2022-04-07T21:44:40.316;
272000;858;18634;0;7958;2022-04-07T21:46:59.323;
273000;859;18669;0;6795;2022-04-07T21:49:18.956;
274000;873;18441;0;6095;2022-04-07T21:51:36.530;
275000;867;18323;0;6439;2022-04-07T21:53:53.678;
276000;859;17625;0;7657;2022-04-07T21:56:05.758;
277000;841;17840;0;7546;2022-04-07T21:58:19.031;
278000;849;17779;0;6759;2022-04-07T22:00:32.115;
279000;879;18667;0;6458;2022-04-07T22:02:51.706;
280000;839;17750;0;8001;2022-04-07T22:05:04.444;
281000;866;18322;0;6853;2022-04-07T22:07:21.485;
282000;874;18556;0;6601;2022-04-07T22:09:40.403;
283000;873;18472;0;6485;2022-04-07T22:11:58.493;
284000;865;17983;0;6416;2022-04-07T22:14:12.645;
285000;865;18372;0;7357;2022-04-07T22:16:30.219;
286000;865;18273;0;7227;2022-04-07T22:18:46.664;
287000;876;18830;0;5873;2022-04-07T22:21:07.159;
288000;875;18339;0;6244;2022-04-07T22:23:23.981;
289000;875;19011;0;5723;2022-04-07T22:25:46.078;
290000;831;17715;0;7762;2022-04-07T22:27:58.682;
291000;878;17670;0;6564;2022-04-07T22:30:10.701;
292000;892;18224;0;5410;2022-04-07T22:32:26.565;
293000;883;18119;0;6012;2022-04-07T22:34:41.686;
294000;868;18043;0;7031;2022-04-07T22:36:56.327;
295000;860;18115;0;7344;2022-04-07T22:39:11.899;
296000;872;18376;0;6372;2022-04-07T22:41:29.442;
297000;874;18143;0;6223;2022-04-07T22:43:44.757;
298000;863;18469;0;6681;2022-04-07T22:46:02.508;
299000;878;18150;0;6351;2022-04-07T22:48:18.771;
300000;860;18229;0;6832;2022-04-07T22:50:34.847;
301000;855;17924;0;7459;2022-04-07T22:52:48.226;
302000;885;18695;0;5834;2022-04-07T22:55:08.341;
303000;871;18031;0;6374;2022-04-07T22:57:23.024;
304000;862;17969;0;6825;2022-04-07T22:59:37.558;
305000;864;18089;0;7508;2022-04-07T23:01:52.388;
306000;860;18198;0;6844;2022-04-07T23:04:08.239;
307000;887;18496;0;5617;2022-04-07T23:06:26.344;
308000;885;19036;0;5702;2022-04-07T23:08:48.289;
309000;877;18555;0;5919;2022-04-07T23:11:06.701;
310000;873;18075;0;6851;2022-04-07T23:13:21.616;
311000;859;17970;0;7488;2022-04-07T23:15:36.040;
312000;867;18675;0;6119;2022-04-07T23:17:55.771;
313000;884;18611;0;5817;2022-04-07T23:20:17.433;
314000;862;18593;0;7561;2022-04-07T23:22:36.578;
315000;869;18189;0;6317;2022-04-07T23:24:52.595;
316000;877;18561;0;6742;2022-04-07T23:27:11.864;
317000;866;18772;0;6476;2022-04-07T23:29:32.470;
318000;873;18387;0;6056;2022-04-07T23:31:49.587;
319000;876;18300;0;5806;2022-04-07T23:34:06.118;
320000;867;18228;0;6536;2022-04-07T23:36:22.281;
321000;887;18284;0;5486;2022-04-07T23:38:39.238;
322000;882;18624;0;5429;2022-04-07T23:40:58.785;
323000;866;18176;0;6639;2022-04-07T23:43:14.355;
324000;873;18209;0;6516;2022-04-07T23:45:30.777;
325000;875;18662;0;6674;2022-04-07T23:47:49.685;
326000;880;18470;0;6045;2022-04-07T23:50:07.639;
327000;872;18753;0;6168;2022-04-07T23:52:27.697;
328000;877;18078;0;6407;2022-04-07T23:54:42.832;
329000;882;18657;0;5781;2022-04-07T23:57:04.339;
330000;875;18440;0;6082;2022-04-07T23:59:22.500;
331000;882;18572;0;5897;2022-04-08T00:01:41.631;
332000;872;18657;0;5914;2022-04-08T00:04:00.566;
333000;879;19074;0;6196;2022-04-08T00:06:22.938;
334000;886;18871;0;5642;2022-04-08T00:08:43.712;
335000;870;18436;0;6665;2022-04-08T00:11:01.852;
336000;862;18523;0;7020;2022-04-08T00:13:19.734;
337000;862;18405;0;6872;2022-04-08T00:15:36.960;
338000;859;18402;0;7314;2022-04-08T00:17:54.716;
339000;873;18132;0;6187;2022-04-08T00:20:10.260;
340000;884;18298;0;5230;2022-04-08T00:22:27.165;
341000;864;18484;0;6716;2022-04-08T00:24:45.545;
342000;876;18425;0;5867;2022-04-08T00:27:03.187;
343000;883;18758;0;5865;2022-04-08T00:29:23.406;
344000;879;18422;0;6550;2022-04-08T00:31:41.699;
345000;861;18516;0;7284;2022-04-08T00:33:59.888;
346000;885;18810;0;6005;2022-04-08T00:36:20.350;
347000;888;18775;0;5400;2022-04-08T00:38:40.720;
348000;864;18151;0;6879;2022-04-08T00:40:56.298;
349000;885;18564;0;5626;2022-04-08T00:43:14.736;
350000;868;18138;0;6889;2022-04-08T00:45:30.568;
351000;896;18804;0;5085;2022-04-08T00:47:50.802;
352000;850;18181;0;7125;2022-04-08T00:50:06.777;
353000;860;18287;0;6750;2022-04-08T00:52:22.935;
354000;863;18671;0;6400;2022-04-08T00:54:42.542;
355000;891;18428;0;5524;2022-04-08T00:57:00.186;
356000;873;18106;0;5943;2022-04-08T00:59:15.290;
357000;867;18983;0;6134;2022-04-08T01:01:36.364;
358000;875;18675;0;6477;2022-04-08T01:03:55.827;
359000;875;18277;0;6624;2022-04-08T01:06:12.326;
360000;882;18852;0;5887;2022-04-08T01:08:33.716;
361000;882;18263;0;5868;2022-04-08T01:10:49.651;
362000;856;17852;0;6509;2022-04-08T01:13:02.742;
363000;869;17960;0;6639;2022-04-08T01:15:17.361;
364000;879;18046;0;6404;2022-04-08T01:17:32.186;
365000;867;18211;0;7329;2022-04-08T01:19:48.110;
366000;881;18330;0;6303;2022-04-08T01:22:06.018;
367000;866;18381;0;6701;2022-04-08T01:24:23.015;
368000;844;18161;0;8179;2022-04-08T01:26:38.725;
369000;865;18416;0;6467;2022-04-08T01:28:55.926;
370000;880;18007;0;6106;2022-04-08T01:31:10.027;
371000;857;17893;0;7169;2022-04-08T01:33:24.005;
372000;866;17813;0;6605;2022-04-08T01:35:36.538;
373000;863;17864;0;7561;2022-04-08T01:37:49.976;
374000;863;18251;0;6597;2022-04-08T01:40:06.163;
375000;867;17900;0;7087;2022-04-08T01:42:19.740;
376000;846;17961;0;7442;2022-04-08T01:44:33.355;
377000;868;18513;0;6500;2022-04-08T01:46:51.884;
378000;867;18157;0;7181;2022-04-08T01:49:07.316;
379000;880;18605;0;5624;2022-04-08T01:51:26.488;
380000;868;18289;0;6197;2022-04-08T01:53:45.577;
381000;878;18441;0;5591;2022-04-08T01:56:09.172;
382000;870;17820;0;6479;2022-04-08T01:58:25.382;
383000;874;17754;0;6155;2022-04-08T02:00:38.257;
384000;863;18163;0;6701;2022-04-08T02:02:53.739;
385000;860;18541;0;6689;2022-04-08T02:05:12.154;
386000;865;18227;0;6849;2022-04-08T02:07:28.560;
387000;880;18268;0;5650;2022-04-08T02:09:45.357;
388000;881;18450;0;6647;2022-04-08T02:12:02.717;
389000;862;18168;0;7043;2022-04-08T02:14:18.245;
390000;876;18120;0;6707;2022-04-08T02:16:33.575;
391000;889;18746;0;5819;2022-04-08T02:18:53.718;
392000;882;18662;0;5546;2022-04-08T02:21:13.389;
393000;866;18127;0;6727;2022-04-08T02:23:28.611;
394000;860;18475;0;7444;2022-04-08T02:25:46.563;
395000;866;17939;0;6617;2022-04-08T02:28:01.023;
396000;872;17985;0;6771;2022-04-08T02:30:15.414;
397000;868;18145;0;6005;2022-04-08T02:32:31.980;
398000;888;18158;0;5296;2022-04-08T02:34:47.311;
399000;853;17996;0;7422;2022-04-08T02:37:01.300;
400000;863;18100;0;6594;2022-04-08T02:39:16.652;
401000;877;18350;0;6564;2022-04-08T02:41:33.793;
402000;871;18084;0;6394;2022-04-08T02:43:48.801;
403000;861;17767;0;6975;2022-04-08T02:46:01.006;
404000;868;18408;0;6718;2022-04-08T02:48:18.317;
405000;889;18337;0;5604;2022-04-08T02:50:35.251;
406000;872;18090;0;6125;2022-04-08T02:52:50.645;
407000;881;18816;0;5895;2022-04-08T02:55:11.332;
408000;878;18668;0;6368;2022-04-08T02:57:30.700;
409000;883;18877;0;5713;2022-04-08T02:59:52.001;
410000;865;18378;0;7020;2022-04-08T03:02:09.832;
411000;864;18171;0;6893;2022-04-08T03:04:31.360;
412000;867;18030;0;6743;2022-04-08T03:06:46.036;
413000;870;18334;0;6388;2022-04-08T03:09:03.186;
414000;886;18399;0;6272;2022-04-08T03:11:20.565;
415000;885;18278;0;5555;2022-04-08T03:13:36.737;
416000;881;18419;0;6073;2022-04-08T03:15:54.164;
417000;877;18344;0;6261;2022-04-08T03:18:11.465;
418000;863;18184;0;7096;2022-04-08T03:20:27.462;
419000;884;18029;0;6239;2022-04-08T03:22:41.848;
420000;879;18411;0;6354;2022-04-08T03:24:59.039;
421000;865;18174;0;6674;2022-04-08T03:27:14.940;
422000;871;18483;0;7130;2022-04-08T03:29:32.800;
423000;868;18151;0;6970;2022-04-08T03:31:48.047;
424000;876;18062;0;6584;2022-04-08T03:34:03.141;
425000;887;18457;0;6380;2022-04-08T03:36:20.924;
426000;868;18068;0;6353;2022-04-08T03:38:35.883;
427000;871;18570;0;6248;2022-04-08T03:40:54.227;
428000;874;18015;0;6724;2022-04-08T03:43:08.807;
429000;884;18259;0;5631;2022-04-08T03:45:24.828;
430000;865;18446;0;6526;2022-04-08T03:47:42.368;
431000;853;17761;0;7475;2022-04-08T03:49:54.902;
432000;874;17883;0;6282;2022-04-08T03:52:09.001;
433000;882;18664;0;6039;2022-04-08T03:54:28.499;
434000;889;19071;0;4990;2022-04-08T03:56:51.179;
435000;860;18466;0;7156;2022-04-08T03:59:08.558;
436000;868;18307;0;7186;2022-04-08T04:01:25.304;
437000;868;18272;0;6302;2022-04-08T04:03:41.923;
438000;872;18222;0;6276;2022-04-08T04:05:57.547;
439000;863;18508;0;6449;2022-04-08T04:08:16.292;
440000;865;18493;0;6859;2022-04-08T04:10:34.388;
441000;863;17811;0;6507;2022-04-08T04:12:47.747;
442000;892;18560;0;5419;2022-04-08T04:15:05.692;
443000;859;17882;0;7221;2022-04-08T04:17:19.510;
444000;879;18341;0;5829;2022-04-08T04:19:36.294;
445000;876;18047;0;5851;2022-04-08T04:21:50.529;
446000;865;17996;0;7072;2022-04-08T04:24:05.010;
447000;871;18104;0;6022;2022-04-08T04:26:19.846;
448000;863;18060;0;6635;2022-04-08T04:28:34.865;
449000;877;18128;0;5879;2022-04-08T04:30:50.073;
450000;840;17784;0;8190;2022-04-08T04:33:03.485;
451000;867;18010;0;6582;2022-04-08T04:35:17.463;
452000;878;18229;0;6183;2022-04-08T04:37:33.405;
453000;884;18792;0;5571;2022-04-08T04:39:53.642;
454000;869;18394;0;6815;2022-04-08T04:42:10.630;
455000;869;18213;0;6154;2022-04-08T04:44:26.183;
456000;872;18602;0;6706;2022-04-08T04:46:45.090;
457000;854;17895;0;7549;2022-04-08T04:48:58.437;
458000;877;18685;0;6469;2022-04-08T04:51:17.727;
459000;877;18570;0;6206;2022-04-08T04:53:36.420;
460000;859;18512;0;6953;2022-04-08T04:55:54.515;
461000;869;18232;0;6997;2022-04-08T04:58:11.051;
462000;859;18227;0;7250;2022-04-08T05:00:26.887;
463000;882;18538;0;5855;2022-04-08T05:02:45.607;
464000;875;18235;0;6393;2022-04-08T05:05:02.239;
465000;867;18635;0;6793;2022-04-08T05:07:21.456;
466000;885;18712;0;5629;2022-04-08T05:09:41.171;
467000;893;18884;0;5093;2022-04-08T05:12:02.644;
468000;880;18668;0;6456;2022-04-08T05:14:22.077;
469000;882;18771;0;5850;2022-04-08T05:16:42.012;
470000;887;18285;0;6083;2022-04-08T05:18:58.017;
471000;871;18668;0;6209;2022-04-08T05:21:17.154;
472000;880;18499;0;5641;2022-04-08T05:23:35.756;
473000;880;18333;0;5955;2022-04-08T05:25:52.613;
474000;882;18540;0;6202;2022-04-08T05:28:11.019;
475000;876;18231;0;6367;2022-04-08T05:30:27.012;
476000;891;18202;0;5452;2022-04-08T05:32:42.790;
477000;873;18249;0;6183;2022-04-08T05:34:59.404;
478000;869;17646;0;6406;2022-04-08T05:37:11.483;
479000;882;18209;0;6066;2022-04-08T05:39:27.836;
480000;872;19022;0;6520;2022-04-08T05:41:50.309;
481000;887;19030;0;5515;2022-04-08T05:44:12.628;
482000;873;18572;0;6655;2022-04-08T05:46:31.337;
483000;878;18668;0;6420;2022-04-08T05:48:50.765;
484000;882;19095;0;5711;2022-04-08T05:51:13.437;
485000;883;18636;0;5844;2022-04-08T05:53:32.841;
486000;864;18865;0;7343;2022-04-08T05:55:53.532;
487000;881;18521;0;6152;2022-04-08T05:58:11.916;
488000;876;18418;0;6057;2022-04-08T06:00:29.424;
489000;875;18263;0;6736;2022-04-08T06:02:46.291;
490000;875;18299;0;5827;2022-04-08T06:05:03.074;
491000;871;18268;0;6417;2022-04-08T06:07:19.128;
492000;864;18253;0;7165;2022-04-08T06:09:35.875;
493000;861;18542;0;6636;2022-04-08T06:11:54.094;
494000;857;17884;0;6888;2022-04-08T06:14:07.990;
495000;884;18205;0;5999;2022-04-08T06:16:24.326;
496000;859;18315;0;7391;2022-04-08T06:18:40.815;
497000;880;18691;0;6209;2022-04-08T06:21:00.506;
498000;870;18622;0;6629;2022-04-08T06:23:19.358;
499000;869;18769;0;6185;2022-04-08T06:25:39.930;
500000;874;18479;0;6521;2022-04-08T06:27:57.765;
501000;878;18325;0;6467;2022-04-08T06:30:14.835;
502000;867;18329;0;6126;2022-04-08T06:32:31.732;
503000;884;18394;0;5919;2022-04-08T06:34:49.175;
504000;863;17559;0;6189;2022-04-08T06:36:59.925;
505000;854;17854;0;7975;2022-04-08T06:39:13.800;
506000;863;18063;0;6852;2022-04-08T06:41:28.698;
507000;854;17562;0;7614;2022-04-08T06:43:39.690;
508000;873;18019;0;6445;2022-04-08T06:45:54.295;
509000;853;18052;0;7426;2022-04-08T06:48:09.678;
510000;885;18392;0;5476;2022-04-08T06:50:27.071;
511000;875;17938;0;5816;2022-04-08T06:52:40.544;
512000;863;17521;0;6996;2022-04-08T06:54:51.938;
513000;890;18546;0;5402;2022-04-08T06:57:10.968;
514000;865;18060;0;6834;2022-04-08T06:59:26.142;
515000;876;18532;0;6484;2022-04-08T07:01:44.908;
516000;875;18237;0;6525;2022-04-08T07:04:00.905;
517000;875;18422;0;5840;2022-04-08T07:06:18.442;
518000;884;19055;0;6353;2022-04-08T07:08:41.225;
519000;869;18348;0;6789;2022-04-08T07:10:57.883;
520000;882;17884;0;6325;2022-04-08T07:13:11.608;
521000;864;18136;0;6776;2022-04-08T07:15:27.585;
522000;865;17758;0;7503;2022-04-08T07:17:40.272;
523000;856;17944;0;7578;2022-04-08T07:19:54.376;
524000;896;18862;0;5175;2022-04-08T07:22:14.785;
525000;882;18635;0;5810;2022-04-08T07:24:34.435;
526000;876;18335;0;5750;2022-04-08T07:26:51.339;
527000;865;18202;0;6343;2022-04-08T07:29:07.170;
528000;892;18513;0;5829;2022-04-08T07:31:25.523;
529000;892;18538;0;5655;2022-04-08T07:33:44.094;
530000;871;18173;0;6700;2022-04-08T07:36:00.422;
531000;879;18697;0;5857;2022-04-08T07:38:20.279;
532000;871;18025;0;7172;2022-04-08T07:40:34.938;
533000;871;18208;0;6916;2022-04-08T07:42:51.334;
534000;863;18198;0;7099;2022-04-08T07:45:06.786;
535000;863;18264;0;6472;2022-04-08T07:47:22.908;
536000;856;18064;0;7294;2022-04-08T07:49:38.130;
537000;862;17951;0;7278;2022-04-08T07:51:52.022;
538000;876;18226;0;6386;2022-04-08T07:54:08.626;
539000;861;17863;0;6184;2022-04-08T07:56:22.261;
540000;864;17692;0;7344;2022-04-08T07:58:34.490;
541000;886;18410;0;5493;2022-04-08T08:00:52.238;
542000;886;18478;0;5546;2022-04-08T08:03:10.017;
543000;866;18020;0;7193;2022-04-08T08:05:24.334;
544000;890;18246;0;5877;2022-04-08T08:07:42.537;
545000;869;18258;0;6686;2022-04-08T08:09:59.110;
546000;871;18051;0;7143;2022-04-08T08:12:13.771;
547000;893;18580;0;5716;2022-04-08T08:14:32.753;
548000;867;18258;0;7059;2022-04-08T08:16:48.945;
549000;881;18462;0;5881;2022-04-08T08:19:06.616;
550000;888;18346;0;6186;2022-04-08T08:21:23.586;
551000;864;18132;0;6697;2022-04-08T08:23:38.885;
552000;851;17854;0;7748;2022-04-08T08:25:52.443;
553000;883;18394;0;5782;2022-04-08T08:28:09.833;
554000;876;18149;0;6048;2022-04-08T08:30:25.341;
555000;874;18073;0;6712;2022-04-08T08:32:40.442;
556000;892;18508;0;5373;2022-04-08T08:34:58.104;
557000;867;18531;0;6976;2022-04-08T08:37:16.947;
558000;892;18598;0;5038;2022-04-08T08:39:35.349;
559000;881;18524;0;5784;2022-04-08T08:41:53.774;
560000;893;18485;0;5024;2022-04-08T08:44:12.250;
561000;885;18667;0;5294;2022-04-08T08:46:31.097;
562000;871;17940;0;6263;2022-04-08T08:48:45.670;
563000;885;18333;0;5735;2022-04-08T08:51:02.213;
564000;902;18716;0;4814;2022-04-08T08:53:22.155;
565000;870;18319;0;6722;2022-04-08T08:55:38.861;
566000;884;18100;0;5705;2022-04-08T08:57:53.766;
567000;883;18134;0;5672;2022-04-08T09:00:09.415;
568000;888;18419;0;5581;2022-04-08T09:02:27.308;
569000;877;18207;0;6279;2022-04-08T09:04:43.186;
570000;881;18214;0;6194;2022-04-08T09:06:59.149;
571000;864;18138;0;6734;2022-04-08T09:09:14.615;
572000;890;18427;0;5758;2022-04-08T09:11:32.429;
573000;875;18318;0;6541;2022-04-08T09:13:49.331;
574000;879;18207;0;5880;2022-04-08T09:16:05.043;
575000;863;18150;0;6883;2022-04-08T09:18:20.984;
576000;900;19007;0;4614;2022-04-08T09:20:42.983;
577000;866;18585;0;6669;2022-04-08T09:23:01.522;
578000;876;18716;0;6919;2022-04-08T09:25:21.445;
579000;857;17787;0;7412;2022-04-08T09:27:34.413;
580000;885;18091;0;6439;2022-04-08T09:29:49.427;
581000;895;18172;0;5305;2022-04-08T09:32:05.502;
582000;887;18029;0;5708;2022-04-08T09:34:20.049;
583000;872;18286;0;6565;2022-04-08T09:36:36.663;
584000;881;18811;0;5906;2022-04-08T09:38:56.795;
585000;878;18287;0;5689;2022-04-08T09:41:13.437;
586000;874;17891;0;6769;2022-04-08T09:43:27.190;
587000;858;18118;0;6981;2022-04-08T09:45:42.260;
588000;879;18323;0;6218;2022-04-08T09:47:59.263;
589000;859;18222;0;6951;2022-04-08T09:50:15.475;
590000;867;18155;0;6625;2022-04-08T09:52:30.708;
591000;864;17558;0;6794;2022-04-08T09:54:42.082;
592000;878;17846;0;5786;2022-04-08T09:56:54.960;
593000;878;18445;0;6111;2022-04-08T09:59:12.889;
594000;881;18064;0;6532;2022-04-08T10:01:27.864;
595000;856;17785;0;7189;2022-04-08T10:03:39.855;
596000;861;17714;0;7240;2022-04-08T10:05:52.112;
597000;856;17865;0;7376;2022-04-08T10:08:05.271;
598000;861;18149;0;6967;2022-04-08T10:10:20.517;
599000;872;18169;0;6598;2022-04-08T10:12:36.215;
600000;891;18290;0;5905;2022-04-08T10:14:52.671;
601000;887;18797;0;5138;2022-04-08T10:17:12.686;
602000;872;18220;0;6526;2022-04-08T10:19:28.935;
603000;886;18533;0;5871;2022-04-08T10:21:46.925;
604000;875;18240;0;6113;2022-04-08T10:24:03.175;
605000;894;18978;0;5260;2022-04-08T10:26:25.100;
606000;875;18718;0;6582;2022-04-08T10:28:44.790;
607000;885;18462;0;6040;2022-04-08T10:31:02.232;
608000;878;18424;0;6259;2022-04-08T10:33:20.045;
609000;887;18359;0;5912;2022-04-08T10:35:37.353;
610000;891;18278;0;5534;2022-04-08T10:37:53.354;
611000;870;18411;0;6643;2022-04-08T10:40:10.704;
612000;875;18420;0;6067;2022-04-08T10:42:28.712;
613000;875;17423;0;6548;2022-04-08T10:44:38.442;
614000;882;18347;0;5498;2022-04-08T10:46:55.171;
615000;876;17994;0;6646;2022-04-08T10:49:09.071;
616000;877;18703;0;6422;2022-04-08T10:51:28.976;
617000;883;18474;0;6097;2022-04-08T10:53:47.065;
618000;875;18203;0;6266;2022-04-08T10:56:02.882;
619000;868;18655;0;6367;2022-04-08T10:58:22.653;
620000;881;18682;0;5652;2022-04-08T11:00:41.712;
621000;877;18547;0;5974;2022-04-08T11:03:00.525;
622000;878;18554;0;6089;2022-04-08T11:05:19.064;
623000;880;18906;0;5839;2022-04-08T11:07:39.937;
624000;864;18581;0;6867;2022-04-08T11:09:59.127;
625000;896;18905;0;6005;2022-04-08T11:12:20.437;
626000;881;18981;0;6342;2022-04-08T11:14:42.408;
627000;892;18486;0;5030;2022-04-08T11:16:59.916;
628000;850;18002;0;7807;2022-04-08T11:19:14.805;
629000;880;18558;0;5887;2022-04-08T11:21:33.275;
630000;875;18114;0;6747;2022-04-08T11:23:48.171;
631000;859;17836;0;7313;2022-04-08T11:26:04.513;
632000;874;18121;0;6402;2022-04-08T11:28:20.327;
633000;872;18604;0;6769;2022-04-08T11:30:41.564;
634000;870;18579;0;6531;2022-04-08T11:33:02.331;
635000;881;18757;0;6347;2022-04-08T11:35:22.213;
636000;871;18218;0;6838;2022-04-08T11:37:38.495;
637000;881;18433;0;5890;2022-04-08T11:39:56.126;
638000;878;18719;0;5950;2022-04-08T11:42:15.745;
639000;888;18568;0;5569;2022-04-08T11:44:34.371;
640000;881;18486;0;5922;2022-04-08T11:46:52.248;
641000;869;18315;0;6528;2022-04-08T11:49:08.642;
642000;880;18417;0;6455;2022-04-08T11:51:25.750;
643000;859;18120;0;6496;2022-04-08T11:53:41.119;
644000;880;17586;0;6128;2022-04-08T11:55:52.224;
645000;864;17757;0;6644;2022-04-08T11:58:04.551;
646000;862;18107;0;7107;2022-04-08T12:00:19.486;
647000;861;18101;0;7323;2022-04-08T12:02:34.582;
648000;863;17930;0;6596;2022-04-08T12:04:48.211;
649000;877;17912;0;6111;2022-04-08T12:07:02.784;
650000;893;18767;0;5760;2022-04-08T12:09:22.644;
651000;889;18914;0;5965;2022-04-08T12:11:43.353;
652000;875;18119;0;6398;2022-04-08T12:13:58.298;
653000;866;18190;0;6479;2022-04-08T12:16:14.104;
654000;893;18714;0;5167;2022-04-08T12:18:33.615;
655000;905;18851;0;4926;2022-04-08T12:20:54.018;
656000;885;18800;0;5849;2022-04-08T12:23:14.226;
657000;867;18594;0;6731;2022-04-08T12:25:32.296;
658000;883;18321;0;5784;2022-04-08T12:27:48.929;
659000;869;18049;0;6488;2022-04-08T12:30:03.495;
660000;886;18821;0;5898;2022-04-08T12:32:23.909;
661000;894;18963;0;5242;2022-04-08T12:34:44.464;
662000;865;17844;0;7023;2022-04-08T12:36:58.052;
663000;861;18276;0;7185;2022-04-08T12:39:14.103;
664000;860;18022;0;6572;2022-04-08T12:41:28.740;
665000;866;17745;0;6268;2022-04-08T12:43:41.194;
666000;873;18068;0;6274;2022-04-08T12:45:56.286;
667000;870;18214;0;6050;2022-04-08T12:48:12.652;
668000;888;18338;0;5706;2022-04-08T12:50:29.854;
669000;881;18439;0;5790;2022-04-08T12:52:49.285;
670000;899;18482;0;5448;2022-04-08T12:55:10.733;
671000;879;18487;0;6344;2022-04-08T12:57:33.920;
672000;873;18651;0;6656;2022-04-08T12:59:58.455;
673000;896;18469;0;6286;2022-04-08T13:02:24.882;
674000;869;18017;0;7050;2022-04-08T13:04:45.867;
675000;872;18078;0;6616;2022-04-08T13:07:09.356;
676000;886;18319;0;5513;2022-04-08T13:09:36.333;
677000;862;17962;0;6590;2022-04-08T13:11:57.701;
678000;889;18435;0;5912;2022-04-08T13:14:27.066;
679000;896;18954;0;4913;2022-04-08T13:17:07.742;
680000;884;18312;0;6333;2022-04-08T13:19:37.678;
681000;869;17998;0;7164;2022-04-08T13:21:57.664;
682000;855;17786;0;7425;2022-04-08T13:24:14.625;
683000;875;18141;0;6326;2022-04-08T13:26:35.050;
684000;857;18254;0;7292;2022-04-08T13:28:56.500;
685000;883;18627;0;6688;2022-04-08T13:31:22.970;
686000;885;18293;0;6103;2022-04-08T13:33:57.756;
687000;860;17713;0;7414;2022-04-08T13:36:19.262;
688000;866;18359;0;6847;2022-04-08T13:38:43.967;
689000;871;18764;0;6120;2022-04-08T13:41:12.030;
690000;854;18321;0;7421;2022-04-08T13:43:35.285;
691000;869;18204;0;6673;2022-04-08T13:45:57.969;
692000;887;18224;0;6219;2022-04-08T13:48:24.415;
693000;870;17894;0;6939;2022-04-08T13:50:47.721;
694000;877;19026;0;6256;2022-04-08T13:53:19.994;
695000;869;18729;0;6613;2022-04-08T13:55:50.023;
696000;874;19073;0;5766;2022-04-08T13:58:17.979;
697000;869;18087;0;6333;2022-04-08T14:00:40.990;
698000;879;18963;0;5569;2022-04-08T14:03:18.723;
699000;879;18273;0;5294;2022-04-08T14:05:49.887;
700000;877;18599;0;6169;2022-04-08T14:08:21.198;
701000;875;18578;0;6500;2022-04-08T14:10:55.968;
702000;880;18165;0;6152;2022-04-08T14:13:25.640;
703000;897;18824;0;4837;2022-04-08T14:15:56.470;
704000;878;17964;0;6071;2022-04-08T14:18:17.870;
705000;884;18466;0;5670;2022-04-08T14:20:45.108;
706000;871;17594;0;6936;2022-04-08T14:23:08.841;
707000;885;18866;0;6011;2022-04-08T14:25:38.012;
708000;905;19046;0;4637;2022-04-08T14:28:11.600;
709000;874;18342;0;6064;2022-04-08T14:30:43.176;
710000;884;18646;0;5517;2022-04-08T14:33:14.653;
711000;872;18259;0;6372;2022-04-08T14:35:44.443;
712000;881;18452;0;6615;2022-04-08T14:38:15.620;
713000;875;18363;0;6166;2022-04-08T14:40:42.397;
714000;861;17986;0;7554;2022-04-08T14:43:06.472;
715000;864;18158;0;7293;2022-04-08T14:45:37.514;
716000;879;18328;0;5985;2022-04-08T14:48:01.504;
717000;892;18024;0;5593;2022-04-08T14:50:24.532;
718000;901;18471;0;5199;2022-04-08T14:52:55.826;
719000;857;18572;0;7110;2022-04-08T14:55:32.562;
720000;874;18462;0;6428;2022-04-08T14:58:09.836;
721000;887;18562;0;5271;2022-04-08T15:00:55.313;
722000;882;18694;0;6018;2022-04-08T15:03:35.558;
723000;867;18090;0;7224;2022-04-08T15:05:57.438;
724000;872;18504;0;6610;2022-04-08T15:08:23.869;
725000;871;17482;0;7162;2022-04-08T15:10:40.535;
726000;871;18328;0;5862;2022-04-08T15:13:05.549;
727000;887;18173;0;6010;2022-04-08T15:15:33.461;
728000;870;18198;0;6303;2022-04-08T15:18:14.695;
729000;894;18647;0;5488;2022-04-08T15:20:41.380;
730000;874;18401;0;6488;2022-04-08T15:23:04.773;
731000;859;18004;0;7520;2022-04-08T15:25:24.872;
732000;880;18140;0;5996;2022-04-08T15:27:45.558;
733000;868;18170;0;6333;2022-04-08T15:30:05.734;
734000;884;18429;0;6332;2022-04-08T15:32:49.414;
735000;870;18701;0;6810;2022-04-08T15:35:15.640;
736000;885;18601;0;5314;2022-04-08T15:37:38.935;
737000;896;18335;0;5708;2022-04-08T15:40:00.779;
738000;867;18063;0;6845;2022-04-08T15:42:20.563;
739000;866;18418;0;6479;2022-04-08T15:44:49.757;
740000;862;17698;0;7121;2022-04-08T15:47:23.693;
741000;865;18370;0;6642;2022-04-08T15:49:45.419;
742000;867;18250;0;6445;2022-04-08T15:52:06.744;
743000;877;18177;0;6787;2022-04-08T15:54:26.648;
744000;877;18375;0;5834;2022-04-08T15:56:48.294;
745000;874;17964;0;6620;2022-04-08T15:59:12.797;
746000;864;17959;0;7319;2022-04-08T16:01:39.860;
747000;879;18660;0;6054;2022-04-08T16:04:06.719;
748000;876;18697;0;6220;2022-04-08T16:06:33.979;
749000;859;17971;0;7251;2022-04-08T16:08:56.299;
750000;848;17552;0;8241;2022-04-08T16:11:12.111;
751000;859;17807;0;7801;2022-04-08T16:13:38.120;
752000;869;18051;0;6890;2022-04-08T16:15:57.628;
753000;872;18214;0;6699;2022-04-08T16:18:18.209;
754000;863;18360;0;7279;2022-04-08T16:20:37.650;
755000;876;18227;0;5883;2022-04-08T16:22:55.051;
756000;875;18004;0;6000;2022-04-08T16:25:11.730;
757000;901;18547;0;5046;2022-04-08T16:27:32.101;
758000;879;18559;0;6237;2022-04-08T16:29:51.964;
759000;883;18455;0;5568;2022-04-08T16:32:11.608;
760000;878;17846;0;5893;2022-04-08T16:34:25.910;
761000;904;18510;0;5255;2022-04-08T16:36:45.279;
762000;873;18335;0;6672;2022-04-08T16:39:03.297;
763000;860;17936;0;7138;2022-04-08T16:41:17.249;
764000;884;18881;0;5551;2022-04-08T16:43:37.736;
765000;867;18643;0;6483;2022-04-08T16:45:56.608;
766000;872;18881;0;5873;2022-04-08T16:48:17.563;
767000;875;18279;0;6459;2022-04-08T16:50:36.310;
768000;876;18349;0;6152;2022-04-08T16:52:56.134;
769000;866;18103;0;7278;2022-04-08T16:55:12.795;
770000;856;18408;0;6959;2022-04-08T16:57:30.305;
771000;874;18027;0;6288;2022-04-08T16:59:45.191;
772000;894;18475;0;5073;2022-04-08T17:02:03.390;
773000;870;18147;0;6686;2022-04-08T17:04:18.635;
774000;869;18248;0;6828;2022-04-08T17:06:35.338;
775000;880;18396;0;6237;2022-04-08T17:08:53.191;
776000;869;18201;0;6714;2022-04-08T17:11:08.907;
777000;883;17829;0;5967;2022-04-08T17:13:22.375;
778000;894;18572;0;4938;2022-04-08T17:15:41.285;
779000;872;17576;0;6569;2022-04-08T17:17:51.680;
780000;877;18029;0;5924;2022-04-08T17:20:06.655;
781000;861;18005;0;7389;2022-04-08T17:22:21.803;
782000;874;18247;0;5636;2022-04-08T17:24:37.404;
783000;880;18293;0;6154;2022-04-08T17:26:54.113;
784000;883;18529;0;5526;2022-04-08T17:29:12.250;
785000;881;18671;0;5705;2022-04-08T17:31:31.793;
786000;870;18239;0;6524;2022-04-08T17:33:47.882;
787000;885;18692;0;5648;2022-04-08T17:36:07.633;
788000;882;18802;0;5875;2022-04-08T17:38:27.672;
789000;889;18562;0;5933;2022-04-08T17:40:46.721;
790000;884;18207;0;5213;2022-04-08T17:43:02.692;
791000;871;18409;0;6424;2022-04-08T17:45:20.012;
792000;863;18185;0;6978;2022-04-08T17:47:36.219;
793000;870;17820;0;6742;2022-04-08T17:49:49.252;
794000;864;18294;0;6659;2022-04-08T17:52:05.859;
795000;870;17821;0;6787;2022-04-08T17:54:18.707;
796000;869;18258;0;6557;2022-04-08T17:56:35.263;
797000;855;17752;0;7710;2022-04-08T17:58:47.285;
798000;866;17924;0;6632;2022-04-08T18:01:01.509;
799000;875;18204;0;6403;2022-04-08T18:03:17.752;
800000;861;18242;0;6596;2022-04-08T18:05:34.376;
801000;871;17897;0;7050;2022-04-08T18:07:47.870;
802000;877;18387;0;6398;2022-04-08T18:10:05.478;
803000;884;18738;0;6098;2022-04-08T18:12:25.137;
804000;885;18358;0;5937;2022-04-08T18:14:42.214;
805000;863;17831;0;7541;2022-04-08T18:16:55.608;
806000;871;18136;0;6057;2022-04-08T18:19:10.885;
807000;869;17951;0;6780;2022-04-08T18:21:25.011;
808000;867;18421;0;6623;2022-04-08T18:23:41.931;
809000;896;18405;0;5021;2022-04-08T18:25:59.085;
810000;884;18217;0;5543;2022-04-08T18:28:15.391;
811000;895;18444;0;5347;2022-04-08T18:30:32.881;
812000;877;17771;0;6196;2022-04-08T18:32:45.610;
813000;870;17818;0;6864;2022-04-08T18:34:58.306;
814000;877;18465;0;6213;2022-04-08T18:37:15.919;
815000;895;18439;0;5322;2022-04-08T18:39:33.215;
816000;878;17970;0;6180;2022-04-08T18:41:47.215;
817000;875;18456;0;6336;2022-04-08T18:44:04.789;
818000;886;18510;0;5626;2022-04-08T18:46:23.635;
819000;874;17942;0;5901;2022-04-08T18:48:44.044;
820000;878;17964;0;6636;2022-04-08T18:51:02.781;
821000;886;18200;0;6209;2022-04-08T18:53:18.752;
822000;864;17972;0;6588;2022-04-08T18:55:32.646;
823000;876;18374;0;5718;2022-04-08T18:57:49.846;
824000;886;18823;0;5916;2022-04-08T19:00:10.054;
825000;881;18355;0;5777;2022-04-08T19:02:26.933;
826000;875;17863;0;6530;2022-04-08T19:04:39.917;
827000;882;18361;0;5960;2022-04-08T19:06:56.710;
828000;865;17846;0;7038;2022-04-08T19:09:10.032;
829000;863;17852;0;6865;2022-04-08T19:11:22.798;
830000;884;18489;0;5522;2022-04-08T19:13:41.091;
831000;898;18507;0;4736;2022-04-08T19:15:58.356;
832000;874;18562;0;6160;2022-04-08T19:18:16.669;
833000;889;18474;0;5881;2022-04-08T19:20:34.464;
834000;868;18037;0;7178;2022-04-08T19:22:48.936;
835000;879;18254;0;6057;2022-04-08T19:25:05.120;
836000;875;18243;0;5997;2022-04-08T19:27:20.957;
837000;878;18499;0;5935;2022-04-08T19:29:39.404;
838000;880;18500;0;6224;2022-04-08T19:31:56.792;
839000;888;18532;0;5289;2022-04-08T19:34:15.305;
840000;867;18014;0;6575;2022-04-08T19:36:29.706;
841000;862;17963;0;6559;2022-04-08T19:38:43.564;
842000;881;17960;0;6278;2022-04-08T19:40:57.003;
843000;881;18387;0;6027;2022-04-08T19:43:13.808;
844000;892;18662;0;5133;2022-04-08T19:45:32.959;
845000;892;18096;0;5054;2022-04-08T19:47:47.748;
846000;870;17950;0;6958;2022-04-08T19:50:01.717;
847000;870;17813;0;6609;2022-04-08T19:52:15.170;
848000;881;18030;0;5706;2022-04-08T19:54:29.667;
849000;884;17924;0;5367;2022-04-08T19:56:43.447;
850000;879;18336;0;5875;2022-04-08T19:58:59.731;
851000;872;18346;0;6777;2022-04-08T20:01:16.755;
852000;858;18201;0;7202;2022-04-08T20:03:32.300;
853000;879;17945;0;6633;2022-04-08T20:05:45.867;
854000;871;18116;0;6940;2022-04-08T20:08:01.552;
855000;877;18753;0;6342;2022-04-08T20:10:21.789;
856000;873;17785;0;6395;2022-04-08T20:12:35.958;
857000;855;17923;0;7148;2022-04-08T20:14:50.160;
858000;861;18160;0;7264;2022-04-08T20:17:05.752;
859000;848;17761;0;7146;2022-04-08T20:19:18.386;
860000;884;18780;0;6068;2022-04-08T20:21:38.427;
861000;862;18226;0;7023;2022-04-08T20:23:53.873;
862000;877;17912;0;6717;2022-04-08T20:26:07.304;
863000;887;18655;0;5394;2022-04-08T20:28:26.474;
864000;876;18334;0;6502;2022-04-08T20:30:43.201;
865000;882;18450;0;6219;2022-04-08T20:33:00.956;
866000;862;17794;0;7353;2022-04-08T20:35:13.550;
867000;879;18324;0;5742;2022-04-08T20:37:30.147;
868000;880;18090;0;6297;2022-04-08T20:39:44.924;
869000;896;18499;0;5334;2022-04-08T20:42:02.841;
870000;862;18090;0;6718;2022-04-08T20:44:18.333;
871000;872;18522;0;6617;2022-04-08T20:46:36.070;
872000;895;18500;0;5112;2022-04-08T20:48:53.633;
873000;876;18091;0;5616;2022-04-08T20:51:08.696;
874000;895;18994;0;5219;2022-04-08T20:53:30.657;
875000;882;18631;0;5753;2022-04-08T20:55:49.455;
876000;881;18392;0;6117;2022-04-08T20:58:06.803;
877000;872;17860;0;6574;2022-04-08T21:00:19.835;
878000;874;18117;0;6397;2022-04-08T21:02:34.872;
879000;892;18982;0;5355;2022-04-08T21:04:56.778;
880000;884;18483;0;6148;2022-04-08T21:07:14.866;
881000;867;18729;0;6824;2022-04-08T21:09:35.147;
882000;867;18381;0;6504;2022-04-08T21:11:51.652;
883000;888;18420;0;5846;2022-04-08T21:14:09.524;
884000;853;18059;0;7756;2022-04-08T21:16:24.082;
885000;878;18692;0;6240;2022-04-08T21:18:43.118;
886000;878;18055;0;6498;2022-04-08T21:20:58.400;
887000;858;18351;0;7567;2022-04-08T21:23:14.585;
888000;877;18571;0;6297;2022-04-08T21:25:33.331;
889000;860;17805;0;7294;2022-04-08T21:27:46.039;
890000;854;17846;0;7195;2022-04-08T21:29:58.804;
891000;883;18381;0;5894;2022-04-08T21:32:16.021;
892000;873;18201;0;6328;2022-04-08T21:34:32.232;
893000;891;18137;0;5421;2022-04-08T21:36:47.900;
894000;876;18007;0;6164;2022-04-08T21:39:02.336;
895000;893;18279;0;5517;2022-04-08T21:41:17.955;
896000;893;18448;0;5227;2022-04-08T21:43:35.463;
897000;884;18374;0;6084;2022-04-08T21:45:52.527;
898000;886;18671;0;5794;2022-04-08T21:48:11.668;
899000;857;18069;0;7630;2022-04-08T21:50:26.575;
900000;885;18062;0;5854;2022-04-08T21:52:41.366;
901000;876;17823;0;6830;2022-04-08T21:54:54.274;
902000;870;18239;0;7176;2022-04-08T21:57:10.331;
903000;854;17835;0;8274;2022-04-08T21:59:23.589;
904000;872;18126;0;6413;2022-04-08T22:01:38.735;
905000;882;18535;0;6496;2022-04-08T22:03:56.494;
906000;876;18291;0;6532;2022-04-08T22:06:13.178;
907000;883;18134;0;6196;2022-04-08T22:08:28.484;
908000;868;17566;0;6777;2022-04-08T22:10:39.393;
909000;874;18100;0;6767;2022-04-08T22:12:54.340;
910000;894;18309;0;5717;2022-04-08T22:15:11.173;
911000;876;18193;0;5567;2022-04-08T22:17:27.192;
912000;880;18084;0;6502;2022-04-08T22:19:42.052;
913000;877;18637;0;6440;2022-04-08T22:22:00.684;
914000;874;17924;0;6593;2022-04-08T22:24:14.575;
915000;862;17862;0;7389;2022-04-08T22:26:27.335;
916000;882;18027;0;6019;2022-04-08T22:28:41.910;
917000;889;18669;0;5589;2022-04-08T22:31:00.324;
918000;894;18982;0;4933;2022-04-08T22:33:22.154;
919000;866;18452;0;6655;2022-04-08T22:35:39.925;
920000;880;18498;0;6012;2022-04-08T22:37:58.039;
921000;887;18814;0;5837;2022-04-08T22:40:18.392;
922000;884;18367;0;5827;2022-04-08T22:42:35.027;
923000;878;18029;0;6523;2022-04-08T22:44:50.234;
924000;878;18374;0;6121;2022-04-08T22:47:08.078;
925000;883;18357;0;6448;2022-04-08T22:49:25.916;
926000;873;18138;0;6072;2022-04-08T22:51:41.996;
927000;889;18446;0;5199;2022-04-08T22:54:00.258;
928000;891;18555;0;5016;2022-04-08T22:56:19.186;
929000;875;18009;0;6857;2022-04-08T22:58:33.817;
930000;875;18055;0;6027;2022-04-08T23:00:48.815;
931000;869;17806;0;6894;2022-04-08T23:03:02.339;
932000;879;18029;0;6186;2022-04-08T23:05:16.817;
933000;871;18441;0;6385;2022-04-08T23:07:34.981;
934000;866;17793;0;6633;2022-04-08T23:09:47.907;
935000;879;18234;0;5719;2022-04-08T23:12:04.602;
936000;861;17990;0;7300;2022-04-08T23:14:19.067;
937000;843;17621;0;8553;2022-04-08T23:16:30.025;
938000;895;18511;0;5189;2022-04-08T23:18:48.743;
939000;854;17915;0;7182;2022-04-08T23:21:02.742;
940000;876;18008;0;6370;2022-04-08T23:23:17.260;
941000;872;18525;0;6478;2022-04-08T23:25:35.992;
942000;876;17710;0;6974;2022-04-08T23:27:48.241;
943000;854;17892;0;7375;2022-04-08T23:30:01.705;
944000;873;18127;0;6882;2022-04-08T23:32:17.789;
945000;870;18115;0;6722;2022-04-08T23:34:32.993;
946000;881;18184;0;5989;2022-04-08T23:36:49.435;
947000;859;17732;0;7386;2022-04-08T23:39:02.086;
948000;876;18090;0;6310;2022-04-08T23:41:17.548;
949000;876;18794;0;5798;2022-04-08T23:43:37.886;
950000;874;18615;0;6329;2022-04-08T23:45:57.020;
951000;887;18350;0;5301;2022-04-08T23:48:14.286;
952000;848;18008;0;7555;2022-04-08T23:50:28.782;
953000;885;18422;0;5738;2022-04-08T23:52:46.352;
954000;877;18593;0;6129;2022-04-08T23:55:04.599;
955000;870;18919;0;6405;2022-04-08T23:57:25.140;
956000;882;18452;0;6197;2022-04-08T23:59:42.713;
957000;888;17851;0;5566;2022-04-09T00:01:55.770;
958000;869;18553;0;6388;2022-04-09T00:04:14.363;
959000;878;18467;0;6231;2022-04-09T00:06:32.084;
960000;876;18210;0;6089;2022-04-09T00:08:48.625;
961000;884;17837;0;5530;2022-04-09T00:11:01.912;
962000;887;17662;0;6395;2022-04-09T00:13:14.521;
963000;863;17900;0;7327;2022-04-09T00:15:27.678;
964000;897;18217;0;5637;2022-04-09T00:17:42.830;
965000;877;17925;0;6423;2022-04-09T00:19:56.714;
966000;879;18316;0;6156;2022-04-09T00:22:13.243;
967000;869;17894;0;6542;2022-04-09T00:24:26.672;
968000;873;17788;0;6991;2022-04-09T00:26:39.283;
969000;864;18718;0;6832;2022-04-09T00:28:58.880;
970000;866;18136;0;7104;2022-04-09T00:31:13.767;
971000;855;17791;0;7562;2022-04-09T00:33:26.514;
972000;889;18317;0;5684;2022-04-09T00:35:42.861;
973000;886;18972;0;5983;2022-04-09T00:38:04.360;
974000;876;18293;0;6266;2022-04-09T00:40:20.584;
975000;866;17959;0;6873;2022-04-09T00:42:34.593;
976000;883;18298;0;5800;2022-04-09T00:44:50.990;
977000;874;18010;0;6390;2022-04-09T00:47:05.209;
978000;875;18204;0;6353;2022-04-09T00:49:21.093;
979000;862;18330;0;6857;2022-04-09T00:51:37.037;
980000;872;18105;0;6407;2022-04-09T00:53:51.776;
981000;893;18761;0;5394;2022-04-09T00:56:11.606;
982000;867;18537;0;6857;2022-04-09T00:58:29.325;
983000;869;18005;0;6549;2022-04-09T01:00:43.418;
984000;864;17996;0;6870;2022-04-09T01:02:57.248;
985000;858;18274;0;6867;2022-04-09T01:05:13.574;
986000;897;18483;0;4889;2022-04-09T01:07:32.192;
987000;882;18351;0;6621;2022-04-09T01:09:49.191;
988000;901;19535;0;4910;2022-04-09T01:12:14.729;
989000;873;18534;0;6362;2022-04-09T01:14:32.560;
990000;861;18517;0;6745;2022-04-09T01:16:50.163;
991000;860;18672;0;6877;2022-04-09T01:19:09.480;
992000;892;19040;0;4811;2022-04-09T01:21:31.058;
993000;868;18236;0;6611;2022-04-09T01:23:47.130;
994000;855;17294;0;7694;2022-04-09T01:25:55.492;
995000;881;18151;0;6647;2022-04-09T01:28:10.367;
996000;881;18712;0;6307;2022-04-09T01:30:29.866;
997000;884;18160;0;6066;2022-04-09T01:32:45.061;
998000;863;18087;0;7037;2022-04-09T01:34:59.865;
999000;885;18438;0;5705;2022-04-09T01:37:17.524;
1000000;858;18704;0;7468;2022-04-09T01:39:37.631;
1001000;881;18607;0;5713;2022-04-09T01:41:56.370;
1002000;877;18907;0;6607;2022-04-09T01:44:17.052;
1003000;875;18783;0;6745;2022-04-09T01:46:37.124;
1004000;883;18032;0;5546;2022-04-09T01:48:51.416;
1005000;868;18275;0;6483;2022-04-09T01:51:08.034;
1006000;868;18053;0;6858;2022-04-09T01:53:22.603;
1007000;884;17881;0;5734;2022-04-09T01:55:35.723;
1008000;886;18445;0;5390;2022-04-09T01:57:53.064;
1009000;880;18829;0;5909;2022-04-09T02:00:13.059;
1010000;863;18085;0;6278;2022-04-09T02:02:27.249;
1011000;883;18419;0;6074;2022-04-09T02:04:44.422;
1012000;871;18251;0;6311;2022-04-09T02:07:00.890;
1013000;882;18040;0;6235;2022-04-09T02:09:15.344;
1014000;872;18089;0;6502;2022-04-09T02:11:30.268;
1015000;858;17636;0;6917;2022-04-09T02:13:41.801;
1016000;877;18054;0;5903;2022-04-09T02:15:55.963;
1017000;871;18100;0;6036;2022-04-09T02:18:10.477;
1018000;879;18320;0;5640;2022-04-09T02:20:26.763;
1019000;882;18288;0;6571;2022-04-09T02:22:43.106;
1020000;893;18901;0;5617;2022-04-09T02:25:03.853;
1021000;877;18547;0;6648;2022-04-09T02:27:22.748;
1022000;880;18181;0;6209;2022-04-09T02:29:37.827;
1023000;862;17951;0;7007;2022-04-09T02:31:51.262;
1024000;866;18144;0;7028;2022-04-09T02:34:06.414;
1025000;867;17853;0;6683;2022-04-09T02:36:19.905;
1026000;875;18234;0;6317;2022-04-09T02:38:35.456;
1027000;876;18340;0;6495;2022-04-09T02:40:52.332;
1028000;887;18226;0;6055;2022-04-09T02:43:07.711;
1029000;868;17794;0;6611;2022-04-09T02:45:20.565;
1030000;892;18436;0;5472;2022-04-09T02:47:38.153;
1031000;881;17713;0;6381;2022-04-09T02:49:49.750;
1032000;874;17915;0;6599;2022-04-09T02:52:03.637;
1033000;903;18344;0;5513;2022-04-09T02:54:20.478;
1034000;865;18221;0;7241;2022-04-09T02:56:36.450;
1035000;887;18210;0;5991;2022-04-09T02:58:51.818;
1036000;878;18359;0;6503;2022-04-09T03:01:08.931;
1037000;878;18171;0;6494;2022-04-09T03:03:24.176;
1038000;850;17915;0;7101;2022-04-09T03:05:37.588;
1039000;869;17865;0;6643;2022-04-09T03:07:50.692;
1040000;864;17974;0;7403;2022-04-09T03:10:04.051;
1041000;892;18498;0;5833;2022-04-09T03:12:22.405;
1042000;871;18051;0;7275;2022-04-09T03:14:36.260;
1043000;863;18548;0;7554;2022-04-09T03:16:54.794;
1044000;879;17912;0;6632;2022-04-09T03:19:07.861;
1045000;880;18385;0;6633;2022-04-09T03:21:24.939;
1046000;864;17987;0;7079;2022-04-09T03:23:38.281;
1047000;869;18464;0;6712;2022-04-09T03:25:55.774;
1048000;861;17998;0;7179;2022-04-09T03:28:09.801;
1049000;878;18141;0;6103;2022-04-09T03:30:24.738;
1050000;889;18020;0;5560;2022-04-09T03:32:39.049;
1051000;866;18059;0;6703;2022-04-09T03:34:53.908;
1052000;873;18088;0;6464;2022-04-09T03:37:08.721;
1053000;880;18263;0;5988;2022-04-09T03:39:24.287;
1054000;881;18185;0;6112;2022-04-09T03:41:40.097;
1055000;884;18688;0;5985;2022-04-09T03:44:05.997;
1056000;870;18675;0;6714;2022-04-09T03:46:24.894;
1057000;881;18581;0;5766;2022-04-09T03:48:44.098;
1058000;876;18507;0;6968;2022-04-09T03:51:02.562;
1059000;869;18161;0;6768;2022-04-09T03:53:17.961;
1060000;868;18033;0;6550;2022-04-09T03:55:32.444;
1061000;883;18391;0;5642;2022-04-09T03:57:49.488;
1062000;853;17727;0;7275;2022-04-09T04:00:01.768;
1063000;890;18118;0;5874;2022-04-09T04:02:16.727;
1064000;880;18231;0;5954;2022-04-09T04:04:32.522;
1065000;871;18037;0;6619;2022-04-09T04:06:48.455;
1066000;847;17554;0;8199;2022-04-09T04:08:59.193;
1067000;906;18694;0;4496;2022-04-09T04:11:18.270;
1068000;896;18410;0;5236;2022-04-09T04:13:35.927;
1069000;870;18148;0;6911;2022-04-09T04:15:51.100;
1070000;852;17886;0;7348;2022-04-09T04:18:04.058;
1071000;866;17816;0;7388;2022-04-09T04:20:17.390;
1072000;879;18270;0;5966;2022-04-09T04:22:34.019;
1073000;872;18307;0;7128;2022-04-09T04:24:51.008;
1074000;860;17942;0;7427;2022-04-09T04:27:04.736;
1075000;870;18401;0;7162;2022-04-09T04:29:22.551;
1076000;888;18160;0;5543;2022-04-09T04:31:38.339;
1077000;890;18497;0;5651;2022-04-09T04:33:56.372;
1078000;871;18182;0;6340;2022-04-09T04:36:12.468;
1079000;884;18528;0;5519;2022-04-09T04:38:30.894;
1080000;852;17998;0;7955;2022-04-09T04:40:45.949;
1081000;876;18088;0;6438;2022-04-09T04:43:01.082;
1082000;852;17489;0;7387;2022-04-09T04:45:11.644;
1083000;888;18381;0;6087;2022-04-09T04:47:29.071;
1084000;873;17914;0;6370;2022-04-09T04:49:43.156;
1085000;868;18457;0;6587;2022-04-09T04:52:01.010;
1086000;872;18184;0;6430;2022-04-09T04:54:16.561;
1087000;869;18007;0;6617;2022-04-09T04:56:31.338;
1088000;859;17688;0;7651;2022-04-09T04:58:43.180;
1089000;852;17816;0;7948;2022-04-09T05:00:55.942;
1090000;871;18364;0;7038;2022-04-09T05:03:12.854;
1091000;875;18213;0;6179;2022-04-09T05:05:29.042;
1092000;878;18488;0;6296;2022-04-09T05:07:47.148;
1093000;883;18176;0;5789;2022-04-09T05:10:03.055;
1094000;860;17972;0;6796;2022-04-09T05:12:17.297;
1095000;865;18011;0;6719;2022-04-09T05:14:31.987;
1096000;890;18757;0;5612;2022-04-09T05:16:52.034;
1097000;876;18307;0;6365;2022-04-09T05:19:08.883;
1098000;885;18258;0;5355;2022-04-09T05:21:25.078;
1099000;870;18540;0;6119;2022-04-09T05:23:43.883;
1100000;882;18244;0;5818;2022-04-09T05:25:59.850;
1101000;884;18128;0;6241;2022-04-09T05:28:15.594;
1102000;895;18400;0;5151;2022-04-09T05:30:33.071;
1103000;879;18945;0;5804;2022-04-09T05:32:54.747;
1104000;883;19002;0;5595;2022-04-09T05:35:16.787;
1105000;875;18033;0;6337;2022-04-09T05:37:31.525;
1106000;896;18502;0;5307;2022-04-09T05:39:50.014;
1107000;866;17925;0;6702;2022-04-09T05:42:04.007;
1108000;890;18269;0;4897;2022-04-09T05:44:20.648;
1109000;893;19012;0;5661;2022-04-09T05:46:42;
1110000;870;18070;0;6494;2022-04-09T05:48:56.791;
1111000;867;17901;0;7116;2022-04-09T05:51:10.613;
1112000;860;18091;0;6315;2022-04-09T05:53:26.065;
1113000;876;18341;0;6647;2022-04-09T05:55:43.099;
1114000;869;17760;0;6865;2022-04-09T05:57:55.864;
1115000;881;18065;0;6003;2022-04-09T06:00:10.685;
1116000;884;18489;0;6278;2022-04-09T06:02:28.793;
1117000;886;18130;0;5742;2022-04-09T06:04:44.290;
1118000;872;17907;0;6042;2022-04-09T06:06:57.623;
1119000;866;18352;0;7092;2022-04-09T06:09:14.668;
1120000;867;18601;0;6357;2022-04-09T06:11:33.009;
1121000;879;18308;0;6064;2022-04-09T06:13:49.801;
1122000;888;18324;0;5989;2022-04-09T06:16:07.051;
1123000;893;18594;0;5632;2022-04-09T06:18:25.512;
1124000;869;18206;0;6631;2022-04-09T06:20:41.863;
1125000;869;17932;0;6220;2022-04-09T06:22:56.263;
1126000;891;18065;0;5353;2022-04-09T06:25:11.361;
1127000;897;18786;0;4883;2022-04-09T06:27:31.931;
1128000;872;18105;0;6781;2022-04-09T06:29:47.211;
1129000;880;18758;0;6521;2022-04-09T06:32:07.554;
1130000;864;18157;0;6868;2022-04-09T06:34:22.927;
1131000;893;18826;0;5140;2022-04-09T06:36:43.498;
1132000;895;18451;0;5032;2022-04-09T06:39:01.155;
1133000;873;18128;0;6385;2022-04-09T06:41:16.624;
1134000;889;18395;0;5836;2022-04-09T06:43:34.598;
1135000;861;18113;0;7301;2022-04-09T06:45:49.709;
1136000;887;18355;0;5831;2022-04-09T06:48:06.868;
1137000;891;18619;0;5762;2022-04-09T06:50:26.023;
1138000;885;18095;0;6004;2022-04-09T06:52:41.399;
1139000;862;17557;0;7620;2022-04-09T06:54:52.300;
1140000;864;17932;0;6498;2022-04-09T06:57:06.591;
1141000;874;18639;0;6432;2022-04-09T06:59:25.720;
1142000;867;18272;0;7091;2022-04-09T07:01:41.902;
1143000;858;18675;0;6704;2022-04-09T07:04:01.520;
1144000;862;18119;0;7245;2022-04-09T07:06:16.587;
1145000;869;17984;0;7007;2022-04-09T07:08:31.571;
1146000;851;17747;0;7715;2022-04-09T07:10:44.441;
1147000;864;18013;0;7431;2022-04-09T07:12:59.316;
1148000;872;18278;0;6641;2022-04-09T07:15:15.997;
1149000;896;18779;0;4868;2022-04-09T07:17:36.127;
1150000;875;18086;0;6500;2022-04-09T07:19:51.195;
1151000;857;17826;0;7104;2022-04-09T07:22:04.230;
1152000;861;18270;0;7103;2022-04-09T07:24:21.061;
1153000;880;18176;0;6477;2022-04-09T07:26:36.839;
1154000;875;18342;0;6829;2022-04-09T07:28:53.893;
1155000;862;18193;0;7607;2022-04-09T07:31:09.448;
1156000;880;18328;0;6222;2022-04-09T07:33:25.805;
1157000;882;18849;0;5936;2022-04-09T07:35:46.716;
1158000;887;18498;0;5275;2022-04-09T07:38:04.963;
1159000;888;18791;0;5700;2022-04-09T07:40:25.090;
1160000;852;18049;0;7139;2022-04-09T07:42:39.705;
1161000;871;17378;0;6083;2022-04-09T07:44:49.653;
1162000;877;18653;0;6269;2022-04-09T07:47:08.658;
1163000;877;18022;0;6223;2022-04-09T07:49:23.184;
1164000;869;18077;0;6801;2022-04-09T07:51:38.459;
1165000;872;18494;0;6061;2022-04-09T07:53:56.497;
1166000;887;18727;0;5292;2022-04-09T07:56:16.047;
1167000;877;18252;0;6416;2022-04-09T07:58:32.458;
1168000;866;18217;0;7318;2022-04-09T08:00:48.548;
1169000;903;18794;0;5124;2022-04-09T08:03:09.207;
1170000;853;18031;0;7400;2022-04-09T08:05:23.875;
1171000;893;18546;0;5470;2022-04-09T08:07:42.514;
1172000;876;18037;0;5813;2022-04-09T08:09:57.495;
1173000;868;18353;0;6524;2022-04-09T08:12:14.684;
1174000;895;18380;0;5491;2022-04-09T08:14:31.996;
1175000;891;18406;0;5828;2022-04-09T08:16:49.589;
1176000;876;18526;0;6230;2022-04-09T08:19:07.627;
1177000;877;18426;0;6310;2022-04-09T08:21:25.334;
1178000;897;18456;0;4733;2022-04-09T08:23:42.868;
1179000;885;18614;0;5673;2022-04-09T08:26:01.916;
1180000;879;18461;0;6747;2022-04-09T08:28:19.871;
1181000;870;17923;0;6749;2022-04-09T08:30:33.228;
1182000;879;18244;0;5853;2022-04-09T08:32:50.012;
1183000;878;18565;0;6648;2022-04-09T08:35:08.178;
1184000;853;18131;0;7485;2022-04-09T08:37:24.002;
1185000;881;17840;0;6077;2022-04-09T08:39:37.343;
1186000;867;18534;0;6700;2022-04-09T08:41:55.291;
1187000;875;18738;0;6061;2022-04-09T08:44:15.381;
1188000;893;18698;0;5145;2022-04-09T08:46:35.149;
1189000;867;17827;0;7147;2022-04-09T08:48:48.473;
1190000;869;17836;0;6824;2022-04-09T08:51:01.696;
1191000;875;18314;0;6785;2022-04-09T08:53:18.520;
1192000;848;18051;0;8154;2022-04-09T08:55:33.476;
1193000;875;18510;0;6281;2022-04-09T08:57:51.860;
1194000;875;18179;0;6720;2022-04-09T09:00:07.690;
1195000;884;17934;0;6303;2022-04-09T09:02:20.947;
1196000;880;18349;0;5718;2022-04-09T09:04:38.346;
1197000;865;18378;0;7070;2022-04-09T09:06:55.319;
1198000;876;18311;0;6470;2022-04-09T09:09:12.764;
1199000;879;18326;0;5467;2022-04-09T09:11:29.523;
1200000;868;17846;0;6721;2022-04-09T09:13:42.791;
1201000;880;18280;0;5994;2022-04-09T09:15:58.878;
1202000;878;18159;0;6057;2022-04-09T09:18:14.979;
1203000;887;18532;0;5419;2022-04-09T09:20:33.039;
1204000;853;18141;0;7429;2022-04-09T09:22:48.448;
1205000;873;18376;0;6911;2022-04-09T09:25:05.827;
1206000;864;18192;0;7711;2022-04-09T09:27:21.920;
1207000;871;18348;0;6961;2022-04-09T09:29:39.466;
1208000;894;18420;0;5233;2022-04-09T09:31:57.136;
1209000;888;18354;0;5399;2022-04-09T09:34:13.649;
1210000;880;17980;0;6109;2022-04-09T09:36:28.261;
1211000;895;19121;0;5016;2022-04-09T09:38:50.968;
1212000;861;18132;0;6951;2022-04-09T09:41:06.463;
1213000;890;18267;0;5504;2022-04-09T09:43:23.045;
1214000;877;18190;0;6257;2022-04-09T09:45:38.740;
1215000;864;18336;0;7243;2022-04-09T09:47:55.914;
1216000;883;18444;0;6029;2022-04-09T09:50:13.456;
1217000;857;17980;0;6937;2022-04-09T09:52:27.370;
1218000;880;18407;0;5826;2022-04-09T09:54:45.551;
1219000;879;18625;0;5778;2022-04-09T09:57:04.407;
1220000;872;18317;0;6383;2022-04-09T09:59:21.906;
1221000;863;18785;0;7570;2022-04-09T10:01:41.860;
1222000;870;18423;0;6541;2022-04-09T10:03:59.319;
1223000;882;18975;0;6323;2022-04-09T10:06:21.371;
1224000;887;19151;0;5262;2022-04-09T10:08:44.200;
1225000;899;19183;0;5218;2022-04-09T10:11:07.397;
1226000;878;18491;0;6124;2022-04-09T10:13:25.864;
1227000;888;18711;0;6087;2022-04-09T10:15:45.214;
1228000;881;18536;0;6285;2022-04-09T10:18:03.461;
1229000;870;18335;0;6780;2022-04-09T10:20:20.433;
1230000;869;18140;0;6494;2022-04-09T10:22:35.971;
1231000;891;18628;0;5289;2022-04-09T10:24:54.782;
1232000;863;17552;0;7286;2022-04-09T10:27:06.037;
1233000;874;18403;0;6446;2022-04-09T10:29:23.596;
1234000;872;18365;0;6323;2022-04-09T10:31:40.431;
1235000;875;17863;0;6667;2022-04-09T10:33:54.421;
1236000;862;17773;0;7267;2022-04-09T10:36:07.101;
1237000;862;17706;0;7121;2022-04-09T10:38:19.591;
1238000;895;18420;0;5262;2022-04-09T10:40:37.392;
1239000;873;18332;0;6392;2022-04-09T10:42:53.636;
1240000;870;18168;0;6585;2022-04-09T10:45:09.111;
1241000;884;18049;0;5638;2022-04-09T10:47:23.799;
1242000;868;18225;0;6752;2022-04-09T10:49:40.279;
1243000;872;17854;0;6720;2022-04-09T10:51:53.488;
1244000;867;18380;0;6334;2022-04-09T10:54:10.684;
1245000;885;18516;0;5589;2022-04-09T10:56:28.776;
1246000;889;18177;0;5441;2022-04-09T10:58:44.949;
1247000;868;17947;0;6718;2022-04-09T11:00:58.711;
1248000;867;18255;0;6726;2022-04-09T11:03:14.587;
1249000;882;18495;0;5544;2022-04-09T11:05:32.745;
1250000;856;17801;0;7782;2022-04-09T11:07:45.681;
1251000;871;18440;0;6589;2022-04-09T11:10:03.480;
1252000;876;18615;0;6235;2022-04-09T11:12:21.730;
1253000;860;18347;0;7454;2022-04-09T11:14:38.761;
1254000;868;18066;0;6793;2022-04-09T11:16:52.875;
1255000;859;17999;0;7757;2022-04-09T11:19:07.118;
1256000;869;17944;0;7104;2022-04-09T11:21:21.337;
1257000;880;18075;0;6058;2022-04-09T11:23:36.478;
1258000;858;18247;0;6902;2022-04-09T11:25:52.443;
1259000;877;18383;0;6482;2022-04-09T11:28:09.865;
1260000;883;18567;0;6006;2022-04-09T11:30:28.986;
1261000;882;18677;0;5182;2022-04-09T11:32:47.980;
1262000;892;18183;0;5452;2022-04-09T11:35:03.981;
1263000;884;17819;0;5888;2022-04-09T11:37:16.998;
