totalGamesPlayed;gamesWonInSeries;movesInSeries;correctMovesInSeries;cellsToUnCoverInSeries;timestamp;
1000;0;2662;0;360527;2022-03-11T15:15:02.605;
2000;0;3992;0;355982;2022-03-11T15:17:41.653;
3000;0;10076;0;342354;2022-03-11T15:24:05.541;
4000;0;18013;0;323338;2022-03-11T15:35:26.307;
5000;0;26978;0;309422;2022-03-11T15:52:38.094;
6000;0;35611;0;294422;2022-03-11T16:15:33.395;
7000;1;40683;0;287431;2022-03-11T16:41:26.760;
8000;1;46422;0;277674;2022-03-11T17:11:04.095;
9000;4;53222;0;267937;2022-03-11T17:43:00.374;
10000;12;57746;0;257862;2022-03-11T18:17:00.546;
11000;11;61511;0;251963;2022-03-11T18:52:53;
12000;13;59906;0;256545;2022-03-11T19:27:52.792;
13000;26;63606;0;247208;2022-03-11T20:01:29.223;
14000;31;67830;0;242139;2022-03-11T20:38:21.103;
15000;34;73451;0;231500;2022-03-11T21:02:09.737;
16000;39;75864;0;226689;2022-03-11T21:26:43.342;
17000;47;78943;0;222863;2022-03-11T21:52:17.869;
18000;60;82046;0;217735;2022-03-11T22:18:52.763;
19000;76;85074;0;214704;2022-03-11T22:46:31.098;
20000;58;83453;0;216701;2022-03-11T23:13:37.212;
21000;72;87788;0;208378;2022-03-11T23:42:09.684;
22000;92;86656;0;210457;2022-03-12T00:10:14.983;
23000;77;91536;0;201333;2022-03-12T00:39:55.877;
24000;89;89924;0;205120;2022-03-12T01:09:04.040;
25000;91;93700;0;198639;2022-03-12T01:39:37.361;
26000;85;91823;0;204325;2022-03-12T02:09:23.270;
27000;90;97820;0;191196;2022-03-12T02:41:05.753;
28000;94;92203;0;202278;2022-03-12T03:10:57.247;
29000;90;96083;0;194137;2022-03-12T03:42:13.235;
30000;97;94024;0;199552;2022-03-12T04:12:40.081;
31000;99;97621;0;192673;2022-03-12T04:44:15.801;
32000;122;99673;0;189475;2022-03-12T05:16:30.553;
33000;112;98918;0;191419;2022-03-12T05:48:30.130;
34000;116;105250;0;179172;2022-03-12T06:22:36.002;
35000;119;102672;0;183684;2022-03-12T06:55:52.548;
36000;126;102526;0;183749;2022-03-12T07:29:03.842;
37000;114;98321;0;193235;2022-03-12T08:00:55.505;
38000;124;101490;0;186467;2022-03-12T08:33:50.532;
39000;130;100513;0;190317;2022-03-12T09:06:26.451;
40000;140;107827;0;175049;2022-03-12T09:41:22.868;
41000;141;103009;0;183324;2022-03-12T10:14:47.782;
42000;134;102337;0;185690;2022-03-12T10:47:57.264;
43000;147;109328;0;173606;2022-03-12T11:23:24.377;
44000;166;108256;0;175459;2022-03-12T11:58:30.463;
45000;146;105702;0;181072;2022-03-12T12:32:46.897;
46000;148;109454;0;173216;2022-03-12T13:08:16.708;
47000;161;110342;0;170670;2022-03-12T13:44:04.022;
48000;173;110571;0;172481;2022-03-12T14:19:56.041;
49000;150;106947;0;178456;2022-03-12T14:54:35.357;
50000;140;105653;0;180138;2022-03-12T15:28:52.287;
51000;159;110004;0;172621;2022-03-12T16:04:34.944;
52000;163;110362;0;170732;2022-03-12T16:40:31.761;
53000;163;112985;0;166499;2022-03-12T17:17:14.483;
54000;175;111760;0;169509;2022-03-12T17:53:31.103;
55000;184;114869;0;166704;2022-03-12T18:30:46.747;
56000;149;107983;0;174923;2022-03-12T19:05:49.037;
57000;183;117260;0;160855;2022-03-12T19:43:46.855;
58000;168;109335;0;173541;2022-03-12T20:19:05.656;
59000;166;108195;0;174165;2022-03-12T20:54:08.186;
60000;160;107785;0;179237;2022-03-12T21:29:06.025;
61000;162;110923;0;174188;2022-03-12T22:05:02.955;
62000;155;108700;0;176743;2022-03-12T22:40:21.766;
63000;184;116297;0;161831;2022-03-12T23:18:08.323;
64000;173;110085;0;173328;2022-03-12T23:53:48.661;
65000;162;109186;0;174260;2022-03-13T00:29:14.431;
66000;163;112050;0;171547;2022-03-13T01:05:33.854;
67000;186;112347;0;168155;2022-03-13T01:41:57.820;
68000;175;114723;0;164415;2022-03-13T02:19:09.843;
69000;181;114010;0;165721;2022-03-13T02:56:06.621;
70000;193;117124;0;162880;2022-03-13T03:34:08.048;
71000;190;112803;0;169203;2022-03-13T04:11:02.942;
72000;188;116467;0;162386;2022-03-13T04:48:46.772;
73000;182;119172;0;158680;2022-03-13T05:27:25.440;
74000;195;111597;0;170764;2022-03-13T06:03:38.257;
75000;154;107889;0;176144;2022-03-13T06:38:52.329;
76000;191;112380;0;168601;2022-03-13T07:15:16.978;
77000;172;111019;0;171999;2022-03-13T07:51:16.008;
78000;196;111421;0;169883;2022-03-13T08:27:20.039;
79000;173;115040;0;164176;2022-03-13T09:04:35.040;
80000;188;113606;0;167572;2022-03-13T09:41:24.721;
81000;188;118533;0;159962;2022-03-13T10:19:48.356;
82000;177;111479;0;171631;2022-03-13T10:55:54.978;
83000;206;115946;0;162775;2022-03-13T11:27:51.690;
84000;198;115079;0;165685;2022-03-13T11:57:07.398;
85000;196;116721;0;161706;2022-03-13T12:26:47.336;
86000;189;117852;0;160816;2022-03-13T12:56:43.823;
87000;175;116031;0;163502;2022-03-13T13:26:10.529;
88000;203;122448;0;151553;2022-03-13T13:57:16.271;
89000;202;119645;0;157090;2022-03-13T14:27:40.638;
90000;197;112357;0;169557;2022-03-13T14:56:11.530;
91000;204;117961;0;162099;2022-03-13T15:26:08.913;
92000;198;116360;0;162726;2022-03-13T15:55:36.370;
93000;195;114356;0;165715;2022-03-13T16:24:27.149;
94000;156;109450;0;174218;2022-03-13T16:52:03.877;
95000;205;119076;0;158544;2022-03-13T17:22:07.167;
96000;168;110534;0;171972;2022-03-13T17:50:01.376;
97000;175;105386;0;182531;2022-03-13T18:16:37.406;
98000;175;113428;0;166490;2022-03-13T18:45:14.455;
99000;191;114682;0;165376;2022-03-13T19:14:12.926;
100000;185;115113;0;166952;2022-03-13T19:43:18.487;
101000;205;113458;0;168196;2022-03-13T20:11:56.818;
102000;196;114008;0;169335;2022-03-13T20:40:42.069;
103000;166;108649;0;174054;2022-03-13T21:08:05.153;
104000;183;113692;0;168205;2022-03-13T21:36:47.082;
105000;180;119514;0;157783;2022-03-13T22:07:04.943;
106000;191;113530;0;167484;2022-03-13T22:35:44.520;
107000;182;112615;0;169421;2022-03-13T23:04:12.350;
108000;190;115336;0;165326;2022-03-13T23:33:22.410;
109000;183;109349;0;175089;2022-03-14T00:01:00.523;
110000;205;122607;0;153627;2022-03-14T00:32:00.248;
111000;197;117194;0;160264;2022-03-14T01:01:38.437;
112000;195;116540;0;161425;2022-03-14T01:31:05.843;
113000;216;116718;0;163481;2022-03-14T02:00:34.772;
114000;198;114976;0;164155;2022-03-14T02:29:39.507;
115000;175;114613;0;167020;2022-03-14T02:58:40.746;
116000;208;117008;0;162154;2022-03-14T03:28:15.531;
117000;186;112597;0;168011;2022-03-14T03:56:46.507;
118000;189;112541;0;168638;2022-03-14T04:25:13.232;
119000;201;119249;0;156952;2022-03-14T04:55:21.750;
120000;167;112369;0;168475;2022-03-14T05:23:54.174;
121000;183;110317;0;174877;2022-03-14T05:51:46.575;
122000;190;115287;0;163610;2022-03-14T06:21:00.700;
123000;214;117278;0;162627;2022-03-14T06:50:48.461;
124000;193;120793;0;156664;2022-03-14T07:21:30.487;
125000;211;117926;0;160270;2022-03-14T07:51:28.629;
126000;193;116099;0;163959;2022-03-14T08:20:50.958;
127000;234;121994;0;154276;2022-03-14T08:51:43.623;
128000;200;119154;0;159467;2022-03-14T09:21:52.763;
129000;222;115502;0;165305;2022-03-14T09:51:07.417;
130000;204;114148;0;166958;2022-03-14T10:20:00.115;
131000;181;112400;0;170737;2022-03-14T10:48:25.566;
132000;202;113527;0;166913;2022-03-14T11:17:10.068;
133000;211;120265;0;156676;2022-03-14T11:47:48.270;
134000;216;118706;0;158916;2022-03-14T12:17:50.182;
135000;204;118036;0;158625;2022-03-14T12:47:42.220;
136000;229;118492;0;159599;2022-03-14T13:17:41.287;
137000;198;115833;0;163835;2022-03-14T13:46:57.798;
138000;206;117741;0;160353;2022-03-23T23:54:16.228;
139000;191;113897;0;167734;2022-03-24T00:22:18.705;
140000;207;119720;0;156380;2022-03-24T00:51:27.755;
141000;180;115497;0;163880;2022-03-24T01:19:35.274;
142000;186;115269;0;165554;2022-03-24T01:47:38.498;
143000;196;112983;0;168954;2022-03-24T02:15:08.195;
144000;217;119245;0;157297;2022-03-24T02:44:07.774;
145000;187;119135;0;158983;2022-03-24T03:13:14.765;
146000;210;114620;0;165320;2022-03-24T03:41:09.009;
147000;208;116815;0;161735;2022-03-24T04:09:34.384;
148000;246;122038;0;155646;2022-03-24T04:39:15.763;
149000;207;120554;0;155162;2022-03-24T05:08:35.737;
150000;195;119204;0;156970;2022-03-24T05:37:34.942;
151000;186;112427;0;169169;2022-03-24T06:04:56.289;
152000;189;112683;0;168589;2022-03-24T06:32:20.882;
153000;203;110733;0;173558;2022-03-24T06:59:17.161;
154000;202;117844;0;160465;2022-03-24T07:27:56.795;
155000;196;119528;0;158949;2022-03-24T07:57:01.292;
156000;181;114275;0;166991;2022-03-24T08:24:49.127;
157000;218;121505;0;155412;2022-03-24T08:55:09.824;
158000;212;115011;0;165342;2022-03-24T09:23:42.496;
159000;214;121897;0;153218;2022-03-24T09:54:16.305;
160000;217;122343;0;152366;2022-03-24T10:24:55.428;
161000;218;118376;0;159851;2022-03-24T10:54:38.046;
162000;196;116839;0;161080;2022-03-24T11:24:00.323;
163000;193;114861;0;166769;2022-03-24T11:52:49.991;
164000;203;113730;0;167599;2022-03-24T12:21:20.607;
165000;211;116131;0;163544;2022-03-24T12:50:29.115;
166000;186;104842;0;183937;2022-03-24T13:16:48.484;
167000;195;110611;0;172451;2022-03-24T13:44:33.601;
168000;200;114006;0;165720;2022-03-24T14:13:09.021;
169000;187;118379;0;159983;2022-03-24T14:42:50.885;
170000;212;115247;0;163499;2022-03-24T15:11:54.342;
171000;171;111005;0;173492;2022-03-24T15:39:48.119;
172000;193;121055;0;154075;2022-03-24T16:10:14.596;
173000;194;111324;0;170006;2022-03-24T16:38:09.594;
174000;184;111255;0;171798;2022-03-24T17:06:06.530;
175000;186;110411;0;173489;2022-03-24T17:33:47.743;
176000;179;110056;0;172769;2022-03-24T18:01:24.386;
177000;217;118660;0;159866;2022-03-24T18:31:12.120;
178000;196;115111;0;164690;2022-03-24T19:00:07.593;
179000;206;118242;0;160243;2022-03-24T19:29:48.900;
180000;185;117216;0;161298;2022-03-24T19:59:14.376;
181000;210;117305;0;162995;2022-03-24T20:28:41.972;
182000;212;118558;0;159511;2022-03-24T20:58:26.815;
183000;208;116298;0;163429;2022-03-24T21:27:37.212;
184000;211;119182;0;158131;2022-03-24T21:57:34.059;
185000;201;120608;0;157078;2022-03-24T22:27:50.532;
186000;209;118265;0;160389;2022-03-24T22:57:34.116;
187000;191;115703;0;162373;2022-03-24T23:26:36.193;
188000;193;111917;0;170412;2022-03-24T23:54:43.636;
189000;246;121098;0;155127;2022-03-25T00:25:07.420;
190000;216;121295;0;154377;2022-03-25T00:55:33.667;
191000;190;116651;0;162181;2022-03-25T01:24:50.196;
192000;223;120190;0;157654;2022-03-25T01:55:00.222;
193000;196;109323;0;175884;2022-03-25T02:22:26.564;
194000;194;112163;0;170878;2022-03-25T02:50:34.542;
195000;232;117977;0;159598;2022-03-25T03:20:15.084;
196000;227;120447;0;157910;2022-03-25T03:50:28.581;
197000;195;113357;0;168837;2022-03-25T04:18:54.821;
198000;194;115427;0;165800;2022-03-25T04:48:03.282;
199000;194;116371;0;161694;2022-03-25T05:17:17.564;
200000;214;113583;0;167374;2022-03-25T05:45:48.063;
201000;202;118699;0;159426;2022-03-25T06:15:36.435;
202000;203;114723;0;166540;2022-03-25T06:44:23.767;
203000;221;118061;0;160046;2022-03-25T07:14:05.556;
204000;214;117421;0;163045;2022-03-25T07:43:34.466;
205000;210;117541;0;159614;2022-03-25T08:13:05.537;
206000;215;120585;0;155647;2022-03-25T08:43:22.814;
207000;214;120253;0;157703;2022-03-25T09:13:35.006;
208000;210;117857;0;161505;2022-03-25T09:43:11.869;
209000;209;119825;0;156323;2022-03-25T10:13:18.319;
210000;203;115997;0;163899;2022-03-25T10:42:27.214;
211000;187;109444;0;175320;2022-03-25T11:09:59.510;
212000;199;116605;0;162940;2022-03-25T11:39:17.245;
213000;208;117834;0;161990;2022-03-25T12:08:55.261;
214000;194;111920;0;171049;2022-03-25T12:37:02.276;
215000;193;113064;0;169129;2022-03-25T13:05:26.180;
216000;230;116744;0;160683;2022-03-25T13:34:46.180;
217000;228;119087;0;158695;2022-03-25T14:04:40.727;
218000;197;116054;0;164752;2022-03-25T14:34:59.607;
219000;234;122417;0;154542;2022-03-25T15:07:57.104;
220000;220;124725;0;149102;2022-03-25T15:41:36.208;
221000;214;118649;0;159628;2022-03-25T16:13:28.156;
222000;199;113780;0;167233;2022-03-25T16:44:45.417;
223000;205;120833;0;155422;2022-03-25T17:17:18.356;
224000;197;117404;0;160918;2022-03-25T17:48:57.669;
225000;195;113253;0;169285;2022-03-25T18:17:55.326;
226000;182;110456;0;173368;2022-03-25T18:45:32.319;
227000;202;114424;0;167485;2022-03-25T19:14:16.324;
228000;213;117269;0;163624;2022-03-25T19:43:40.875;
229000;201;117773;0;161540;2022-03-25T20:13:14.409;
230000;210;115198;0;165460;2022-03-25T20:42:08.038;
231000;196;116948;0;163153;2022-03-25T21:11:29.008;
232000;208;120400;0;157292;2022-03-25T21:41:40.623;
233000;197;114761;0;166544;2022-03-25T22:10:30.401;
234000;191;113372;0;169161;2022-03-25T22:38:57.401;
235000;216;115490;0;165277;2022-03-25T23:07:58.573;
236000;216;121784;0;154245;2022-03-25T23:38:32.923;
237000;195;115599;0;165388;2022-03-26T00:07:34.505;
238000;202;115880;0;165333;2022-03-26T00:36:41.852;
239000;191;113801;0;168155;2022-03-26T01:05:16.747;
240000;177;111184;0;172315;2022-03-26T01:33:12.410;
241000;205;115433;0;164684;2022-03-26T02:02:11.647;
242000;207;119287;0;158030;2022-03-26T02:32:09.179;
243000;196;116167;0;164678;2022-03-26T03:01:21.983;
244000;212;116302;0;164139;2022-03-26T03:30:39.131;
245000;174;111520;0;170322;2022-03-26T03:58:39.810;
246000;193;113790;0;166058;2022-03-26T04:27:14.012;
247000;218;121227;0;156306;2022-03-26T04:57:40.229;
248000;206;113892;0;166400;2022-03-26T05:26:15.700;
249000;215;122984;0;152419;2022-03-26T05:57:10.688;
250000;242;119840;0;158258;2022-03-26T06:27:16.680;
251000;213;115518;0;163717;2022-03-26T06:56:18.312;
252000;209;119078;0;159802;2022-03-26T07:26:15.714;
253000;224;119017;0;158192;2022-03-26T07:56:10.342;
254000;211;114662;0;165061;2022-03-26T08:24:57.441;
255000;206;120288;0;157164;2022-03-26T08:55:11.064;
256000;209;123255;0;151085;2022-03-26T09:26:10.075;
257000;235;118038;0;161094;2022-03-26T09:55:48.909;
258000;227;123301;0;152510;2022-03-26T10:26:47.910;
259000;199;118316;0;160387;2022-03-26T10:56:31.661;
260000;205;114399;0;166780;2022-03-26T11:25:19.382;
261000;184;108705;0;176380;2022-03-26T11:52:38.205;
262000;180;107676;0;176928;2022-03-26T12:19:41.607;
263000;210;116564;0;163646;2022-03-26T12:48:58.615;
264000;245;122364;0;152739;2022-03-26T13:19:44.400;
265000;249;126204;0;148150;2022-03-26T13:51:26.945;
266000;211;121873;0;154450;2022-03-26T14:22:04.105;
267000;234;122360;0;153729;2022-03-26T14:52:49.392;
268000;203;120052;0;155842;2022-03-26T15:23:00.818;
269000;208;118618;0;161381;2022-03-26T15:52:47.915;
270000;194;111908;0;170026;2022-03-26T16:20:53.299;
271000;209;115805;0;162308;2022-03-26T16:49:58.274;
272000;184;113578;0;166424;2022-03-26T17:18:29.369;
273000;212;118524;0;159677;2022-03-26T17:48:13.630;
274000;191;108076;0;177104;2022-03-26T18:15:22.182;
275000;210;114636;0;166277;2022-03-26T18:44:08.172;
276000;192;117898;0;161117;2022-03-26T19:13:45.759;
277000;190;112851;0;169574;2022-03-26T19:42:03.654;
278000;184;107457;0;178127;2022-03-26T20:09:03.030;
279000;200;117163;0;161692;2022-03-26T20:38:27.362;
280000;223;117332;0;162718;2022-03-26T21:07:54.725;
281000;207;120750;0;154773;2022-03-26T21:38:12.173;
282000;192;110098;0;174356;2022-03-26T22:05:51.377;
283000;240;120315;0;157137;2022-03-26T22:36:04.058;
284000;217;117260;0;162729;2022-03-26T23:05:32.833;
285000;194;108605;0;174735;2022-03-26T23:33:04.742;
286000;194;108004;0;176630;2022-03-27T00:00:13.237;
287000;175;108160;0;176803;2022-03-27T00:27:22.441;
288000;203;114627;0;164777;2022-03-27T00:56:08.525;
289000;230;126869;0;144782;2022-03-27T02:28:01.322;
290000;231;113197;0;168126;2022-03-27T02:56:30.593;
291000;208;115209;0;163537;2022-03-27T03:25:28.573;
292000;187;108193;0;177055;2022-03-27T03:52:52.971;
293000;216;117045;0;161180;2022-03-27T04:22:21.928;
294000;206;114504;0;165929;2022-03-27T04:51:08.195;
295000;204;114998;0;167288;2022-03-27T05:20:01.943;
296000;205;112617;0;169559;2022-03-27T05:48:19.644;
297000;187;113499;0;168820;2022-03-27T06:16:51.426;
298000;231;122346;0;153991;2022-03-27T06:47:36.361;
299000;228;120989;0;155699;2022-03-27T07:17:59.140;
300000;223;120527;0;156512;2022-03-27T07:48:18.037;
301000;219;120204;0;156459;2022-03-27T08:18:32.270;
302000;206;115001;0;164009;2022-03-27T08:47:26.550;
303000;184;109408;0;174370;2022-03-27T09:14:57.192;
304000;189;113988;0;168038;2022-03-27T09:43:36.921;
305000;167;107064;0;179538;2022-03-27T10:10:30.359;
306000;176;107874;0;176971;2022-03-27T10:37:37.383;
307000;183;113929;0;167109;2022-03-27T11:06:16.597;
308000;170;109102;0;177257;2022-03-27T11:33:41.672;
309000;187;111921;0;171203;2022-03-27T12:01:52.884;
310000;202;117600;0;162527;2022-03-27T12:31:26.831;
311000;197;110126;0;173373;2022-03-27T12:59:07.950;
312000;197;115490;0;165025;2022-03-27T13:28:09.641;
313000;158;104386;0;181694;2022-03-27T13:54:23.579;
314000;193;110681;0;171862;2022-03-27T14:22:13.837;
315000;217;114373;0;167842;2022-03-27T14:50:59.818;
316000;206;112546;0;169707;2022-03-27T15:19:16.897;
317000;218;122015;0;154251;2022-03-27T15:49:57.616;
318000;190;116895;0;160583;2022-03-27T16:19:23.222;
319000;213;114144;0;166615;2022-03-27T16:48:04.891;
320000;201;115553;0;165214;2022-03-27T17:17:07.543;
321000;219;116986;0;161791;2022-03-27T17:46:32.541;
322000;222;120378;0;157997;2022-03-27T18:16:47.286;
323000;206;116084;0;165431;2022-03-27T18:45:58.202;
324000;212;116645;0;162817;2022-03-27T19:15:29.966;
325000;221;120359;0;156511;2022-03-27T19:45:43.471;
326000;216;117993;0;160968;2022-03-27T20:15:25.673;
327000;185;103657;0;186775;2022-03-27T20:41:28.980;
328000;185;110525;0;173327;2022-03-27T21:09:15.738;
329000;207;118986;0;158888;2022-03-27T21:39:10.383;
330000;181;110410;0;171982;2022-03-27T22:06:54.011;
331000;212;117487;0;159320;2022-03-27T22:36:25.724;
332000;189;113372;0;168289;2022-03-27T23:04:55.356;
333000;216;119685;0;158074;2022-03-27T23:34:59.624;
334000;225;120330;0;156653;2022-03-28T00:06:11.275;
335000;221;120734;0;156675;2022-03-28T00:37:27.618;
336000;211;115345;0;165710;2022-03-28T01:05:53.996;
337000;206;116693;0;164390;2022-03-28T01:34:43.447;
338000;221;117726;0;161275;2022-03-28T02:03:52.999;
339000;210;115541;0;163085;2022-03-28T02:32:34.056;
340000;212;115253;0;165928;2022-03-28T03:01:12.909;
341000;186;110078;0;174062;2022-03-28T03:28:43.199;
342000;223;116822;0;163937;2022-03-28T03:58:18.597;
343000;215;114759;0;163836;2022-03-28T04:27:06.860;
344000;204;113396;0;170040;2022-03-28T04:55:34.562;
345000;183;110893;0;172919;2022-03-28T05:23:24.959;
346000;186;107361;0;178609;2022-03-28T05:50:20.812;
347000;193;111330;0;173505;2022-03-28T06:18:16.427;
348000;215;116427;0;162133;2022-03-28T06:47:29.302;
349000;192;113520;0;167926;2022-03-28T07:15:58.719;
350000;225;117195;0;160988;2022-03-28T07:45:22.206;
351000;208;116990;0;163582;2022-03-28T08:14:45.421;
352000;195;113440;0;168406;2022-03-28T08:43:11.571;
353000;212;113237;0;167996;2022-03-28T09:11:35.927;
354000;216;124762;0;147562;2022-03-28T09:42:52.084;
355000;175;110685;0;171988;2022-03-28T10:10:37.042;
356000;209;118265;0;159575;2022-03-28T10:40:12.529;
357000;198;111469;0;171268;2022-03-28T11:08:07.964;
358000;192;112404;0;167279;2022-03-28T11:36:15.312;
359000;181;107117;0;179036;2022-03-28T12:03:09.360;
360000;203;118261;0;158758;2022-03-28T12:32:48.610;
361000;187;113851;0;167578;2022-03-28T13:01:21.158;
362000;196;111381;0;173551;2022-03-28T13:29:18.668;
363000;187;111484;0;171446;2022-03-28T13:57:19.005;
364000;191;111268;0;171512;2022-03-28T14:25:12.934;
365000;188;115543;0;164708;2022-03-28T14:54:11.987;
366000;210;117620;0;161188;2022-03-28T15:23:43.503;
367000;205;114975;0;166692;2022-03-28T15:52:35.237;
368000;188;105909;0;180877;2022-03-28T16:19:17.951;
369000;177;111826;0;171052;2022-03-28T16:47:36.514;
370000;182;109552;0;174249;2022-03-28T17:15:07.981;
371000;206;115392;0;164721;2022-03-28T17:44:05.694;
372000;221;113471;0;168183;2022-03-28T18:12:49.802;
373000;210;114743;0;165774;2022-03-28T18:41:38.957;
374000;201;117921;0;159980;2022-03-28T19:11:15.646;
375000;200;114484;0;166004;2022-03-28T19:40:00.336;
376000;191;111174;0;172649;2022-03-28T20:07:57.224;
377000;225;123072;0;152860;2022-03-28T20:38:48.185;
378000;234;122646;0;152033;2022-03-28T21:09:32.117;
379000;221;117921;0;159425;2022-03-28T21:39:05.734;
380000;215;115474;0;164360;2022-03-28T22:08:03.963;
381000;235;119118;0;158055;2022-03-28T22:37:55.784;
382000;214;121272;0;154923;2022-03-28T23:08:20.146;
383000;218;118595;0;158889;2022-03-28T23:38:05.015;
384000;228;117406;0;160954;2022-03-29T00:07:37.872;
385000;223;112025;0;171178;2022-03-29T00:35:43.495;
386000;211;110895;0;173173;2022-03-29T01:03:31.848;
387000;191;112226;0;171745;2022-03-29T01:31:41.101;
388000;183;114502;0;166197;2022-03-29T02:00:26.405;
389000;219;117464;0;163164;2022-03-29T02:29:56.805;
390000;232;120479;0;156800;2022-03-29T03:00:13.979;
391000;217;116904;0;162853;2022-03-29T03:29:35.173;
392000;216;118907;0;159011;2022-03-29T03:59:29.757;
393000;222;119284;0;159757;2022-03-29T04:29:27.642;
394000;196;120198;0;156255;2022-03-29T04:59:51.427;
395000;199;113971;0;168493;2022-03-29T05:28:28.237;
396000;205;118768;0;159609;2022-03-29T05:58:18.370;
397000;253;127534;0;145524;2022-03-29T06:30:21.203;
398000;232;122664;0;152010;2022-03-29T07:01:10.282;
399000;216;125908;0;147644;2022-03-29T07:32:47.457;
400000;196;110449;0;172823;2022-03-29T08:00:34.949;
401000;200;114706;0;164779;2022-03-29T08:29:24.438;
402000;224;118959;0;159331;2022-03-29T08:59:16.886;
403000;227;123354;0;152446;2022-03-29T09:30:16.230;
404000;209;110485;0;175093;2022-03-29T09:58:00.590;
405000;190;106422;0;180253;2022-03-29T10:24:43.179;
406000;153;102055;0;186465;2022-03-29T10:51:09.836;
407000;175;106395;0;178881;2022-03-29T11:18:04.365;
408000;164;104277;0;183254;2022-03-29T11:44:25.828;
409000;177;108367;0;176489;2022-03-29T12:11:59.378;
410000;205;116815;0;163913;2022-03-29T12:41:33.128;
411000;194;114435;0;166556;2022-03-29T13:10:59.811;
412000;184;111979;0;171514;2022-03-29T13:39:47.682;
413000;199;113782;0;167758;2022-03-29T14:08:32.523;
414000;197;112918;0;169454;2022-03-29T14:37:05.840;
415000;197;112159;0;170096;2022-03-29T15:05:27.159;
416000;220;118791;0;157060;2022-03-29T15:35:27.767;
417000;214;124526;0;150753;2022-03-29T16:06:57.146;
418000;218;118842;0;159723;2022-03-29T16:36:48.703;
419000;194;110714;0;172352;2022-03-29T17:04:36.078;
420000;200;116127;0;165245;2022-03-29T17:33:44.979;
421000;181;109952;0;171626;2022-03-29T18:01:22.443;
422000;195;114137;0;167105;2022-03-29T18:30:01.134;
423000;208;112767;0;171441;2022-03-29T18:58:20.542;
424000;203;116299;0;162868;2022-03-29T19:27:31.778;
425000;190;108563;0;179350;2022-03-29T19:54:48.251;
426000;198;113497;0;167124;2022-03-29T20:23:21.893;
427000;215;113861;0;168178;2022-03-29T20:51:56.824;
428000;205;111997;0;170299;2022-03-29T21:20:05.447;
429000;215;115993;0;164545;2022-03-29T21:49:13.282;
430000;210;114600;0;167848;2022-03-29T22:18:00.287;
431000;216;112458;0;171464;2022-03-29T22:46:15.408;
432000;211;119198;0;160075;2022-03-29T23:16:13.278;
433000;182;108639;0;175895;2022-03-29T23:43:58.478;
434000;211;115479;0;165003;2022-03-30T00:13:02.575;
435000;224;121863;0;154739;2022-03-30T00:43:40.522;
436000;197;112749;0;169230;2022-03-30T01:11:59.582;
437000;210;115361;0;164831;2022-03-30T01:40:58.172;
438000;211;111004;0;172701;2022-03-30T02:08:51.016;
439000;189;112722;0;167904;2022-03-30T02:37:09.175;
440000;203;116060;0;165779;2022-03-30T03:06:18.935;
441000;189;111045;0;173175;2022-03-30T03:34:20.047;
442000;179;111055;0;173080;2022-03-30T04:02:19.815;
443000;224;114979;0;166796;2022-03-30T04:31:13.669;
444000;213;114304;0;165854;2022-03-30T04:59:54.990;
445000;182;106724;0;181735;2022-03-30T05:26:43.141;
446000;175;109500;0;174744;2022-03-30T05:54:12.756;
447000;197;114337;0;167748;2022-03-30T06:22:56.622;
448000;198;114008;0;167318;2022-03-30T06:51:35.015;
449000;215;115611;0;164853;2022-03-30T07:20:37.003;
450000;207;114273;0;168232;2022-03-30T07:49:18.864;
451000;175;104735;0;183289;2022-03-30T08:15:41.124;
452000;204;116015;0;163309;2022-03-30T08:44:49.885;
453000;228;117006;0;162951;2022-03-30T09:14:14.262;
454000;202;109369;0;175886;2022-03-30T09:41:42.684;
455000;185;105750;0;181036;2022-03-30T10:08:16.197;
456000;195;117733;0;161675;2022-03-30T10:37:49.552;
457000;164;105886;0;179961;2022-03-30T11:04:25.137;
458000;216;117452;0;163526;2022-03-30T11:33:54.257;
459000;209;113283;0;167017;2022-03-30T12:02:24.315;
460000;167;102799;0;186073;2022-03-30T12:28:14.743;
461000;175;112420;0;170115;2022-03-30T12:56:28.277;
462000;201;114311;0;168332;2022-03-30T13:25:13.655;
463000;205;115349;0;164699;2022-03-30T13:54:10.930;
464000;226;121450;0;155091;2022-03-30T14:24:42.833;
465000;192;114536;0;165487;2022-03-30T14:53:28.829;
466000;174;106304;0;180759;2022-03-30T15:20:11.044;
467000;234;120908;0;155270;2022-03-30T15:50:34.432;
468000;228;117480;0;161468;2022-03-30T16:20:08.083;
469000;223;114276;0;169009;2022-03-30T16:48:54.680;
470000;235;116560;0;164755;2022-03-30T17:18:10.715;
471000;200;115841;0;163073;2022-03-30T17:47:16.225;
472000;206;116497;0;162604;2022-03-30T18:16:30.880;
473000;207;116304;0;163251;2022-03-30T18:45:43.539;
474000;212;118525;0;161869;2022-03-30T19:15:29.976;
475000;211;118839;0;160135;2022-03-30T19:45:19.524;
476000;210;115695;0;166405;2022-03-30T20:14:25.718;
477000;210;118697;0;160040;2022-03-30T20:44:16.109;
478000;210;116390;0;163165;2022-03-30T21:13:29.829;
479000;202;117434;0;160928;2022-03-30T21:42:59.205;
480000;166;102919;0;186029;2022-03-30T22:08:51.387;
481000;190;112500;0;167949;2022-03-30T22:37:05.253;
482000;207;116131;0;164487;2022-03-30T23:06:15.243;
483000;210;112964;0;168629;2022-03-30T23:34:36.650;
484000;178;114417;0;166867;2022-03-31T00:03:24.910;
485000;201;117598;0;160038;2022-03-31T00:33:13.726;
486000;204;116690;0;164166;2022-03-31T01:02:35.335;
487000;199;112346;0;171550;2022-03-31T01:30:48.355;
488000;222;115502;0;165096;2022-03-31T01:59:49.351;
489000;220;112843;0;168532;2022-03-31T02:28:10.275;
490000;191;112137;0;170943;2022-03-31T02:56:21.575;
491000;184;114268;0;167872;2022-03-31T03:25:05.293;
492000;174;109186;0;173625;2022-03-31T03:52:29.834;
493000;195;113212;0;169290;2022-03-31T04:21:11.048;
494000;205;111629;0;171078;2022-03-31T04:49:15.076;
495000;194;108288;0;175500;2022-03-31T05:16:27.634;
496000;194;108599;0;177109;2022-03-31T05:43:42.990;
497000;177;106606;0;179711;2022-03-31T06:10:29.262;
498000;195;108424;0;176845;2022-03-31T06:37:43.113;
499000;203;112400;0;170545;2022-03-31T07:06:06.131;
500000;223;119849;0;157322;2022-03-31T07:36:10.511;
501000;209;118259;0;160777;2022-03-31T08:05:52.056;
502000;185;110828;0;172591;2022-03-31T08:33:41.514;
503000;180;103696;0;184965;2022-03-31T08:59:44.541;
504000;210;113757;0;169786;2022-03-31T09:28:57.700;
505000;208;116113;0;162291;2022-03-31T09:58:07.210;
506000;195;116680;0;163009;2022-03-31T10:27:53.725;
507000;204;121394;0;156046;2022-03-31T10:59:03.347;
508000;213;116465;0;164337;2022-03-31T11:28:29.229;
509000;164;108455;0;178193;2022-03-31T11:55:41.265;
510000;189;110804;0;172166;2022-03-31T12:23:31.217;
511000;183;117267;0;163182;2022-03-31T12:52:52.668;
512000;218;119151;0;159715;2022-03-31T13:22:43.439;
513000;204;115121;0;164652;2022-03-31T13:51:34.490;
514000;238;120132;0;157775;2022-03-31T14:21:43.126;
515000;222;121635;0;155155;2022-03-31T14:52:16.349;
516000;220;119173;0;160073;2022-03-31T15:22:07.720;
517000;222;123801;0;151407;2022-03-31T15:53:08.635;
518000;205;117544;0;160905;2022-03-31T16:22:37.484;
519000;202;116578;0;162927;2022-03-31T16:51:55.387;
520000;181;108173;0;175183;2022-03-31T17:19:00.891;
521000;203;116627;0;162853;2022-03-31T17:48:12.551;
522000;201;114101;0;168475;2022-03-31T18:16:47.026;
523000;214;115686;0;163970;2022-03-31T18:45:45.002;
524000;210;116315;0;162048;2022-03-31T19:14:51.682;
525000;187;112382;0;170094;2022-03-31T19:43:00.633;
526000;188;108885;0;176631;2022-03-31T20:10:19.891;
527000;197;111316;0;172963;2022-03-31T20:38:11.653;
528000;190;117400;0;161873;2022-03-31T21:07:35.296;
529000;176;110631;0;175657;2022-03-31T21:35:17;
530000;205;112446;0;170879;2022-03-31T22:03:26.286;
531000;199;115364;0;165625;2022-03-31T22:32:17.612;
532000;152;101611;0;187351;2022-03-31T22:57:44.759;
533000;164;104599;0;184648;2022-03-31T23:23:55.952;
534000;179;108098;0;176204;2022-03-31T23:50:59.457;
535000;175;109847;0;174883;2022-04-01T00:18:33.196;
536000;151;97755;0;194458;2022-04-01T00:43:01.357;
537000;182;110471;0;172625;2022-04-01T01:10:41.202;
538000;183;111248;0;171727;2022-04-01T01:38:33.605;
539000;186;112901;0;168758;2022-04-01T02:06:50.138;
540000;183;108075;0;178201;2022-04-01T02:33:53.073;
541000;173;99802;0;192134;2022-04-01T02:58:51.597;
542000;172;101086;0;188805;2022-04-01T03:24:19.133;
543000;180;104124;0;183845;2022-04-01T03:50:22.799;
544000;203;115584;0;162092;2022-04-01T04:19:24.078;
545000;187;103196;0;186975;2022-04-01T04:45:14.307;
546000;198;108212;0;175825;2022-04-01T05:12:19.468;
547000;181;107950;0;177131;2022-04-01T05:39:21.256;
548000;174;107800;0;178843;2022-04-01T06:06:22.399;
549000;143;103533;0;184528;2022-04-01T06:32:17.591;
550000;191;111193;0;170796;2022-04-01T07:00:08.649;
551000;210;120469;0;155353;2022-04-01T07:30:18.362;
552000;200;114880;0;166361;2022-04-01T07:59:08.177;
553000;199;117016;0;161010;2022-04-01T08:28:25.728;
554000;199;114065;0;168286;2022-04-01T08:56:57.569;
555000;210;120966;0;156091;2022-04-01T09:27:16.680;
556000;194;115674;0;164970;2022-04-01T09:56:14.850;
557000;206;113679;0;169034;2022-04-01T10:24:42.021;
558000;205;115929;0;165584;2022-04-01T10:53:42.515;
559000;192;109412;0;176792;2022-04-01T11:21:07.124;
560000;183;108850;0;176120;2022-04-01T11:48:21.489;
561000;196;109173;0;177756;2022-04-01T12:15:44.869;
562000;205;115914;0;165445;2022-04-01T12:44:49.542;
563000;189;107153;0;179866;2022-04-01T13:11:39.302;
564000;175;109856;0;174332;2022-04-01T13:39:08.544;
565000;170;106325;0;180430;2022-04-01T14:05:46.465;
566000;195;109267;0;176073;2022-04-01T14:33:08.145;
567000;208;114912;0;166901;2022-04-01T15:01:55.209;
568000;197;109581;0;173933;2022-04-01T15:29:45.606;
569000;190;111099;0;169438;2022-04-01T15:59:30.427;
570000;175;106318;0;180826;2022-04-01T16:28:01.726;
571000;206;110810;0;173285;2022-04-01T16:57:51.088;
572000;219;119604;0;157357;2022-04-01T17:29:57.676;
573000;212;115452;0;164139;2022-04-01T18:01:55.682;
574000;209;114707;0;166402;2022-04-01T18:32:45.479;
575000;183;112190;0;171173;2022-04-01T19:02:32.120;
576000;193;115804;0;165452;2022-04-01T19:32:41.001;
577000;196;113212;0;167760;2022-04-01T20:01:05.063;
578000;201;111254;0;172443;2022-04-01T20:28:57.885;
579000;224;117266;0;161863;2022-04-01T20:58:20.286;
580000;201;113081;0;170021;2022-04-01T21:26:39.166;
581000;172;104545;0;182514;2022-04-01T21:52:52.454;
582000;230;118163;0;159080;2022-04-01T22:22:28.698;
583000;196;109453;0;175481;2022-04-01T22:50:16.958;
584000;223;114172;0;166887;2022-04-01T23:18:55.759;
585000;233;120399;0;157369;2022-04-01T23:49:08.677;
586000;177;109932;0;174115;2022-04-02T00:16:48.356;
587000;190;107291;0;178669;2022-04-02T00:43:44.436;
588000;196;109654;0;174714;2022-04-02T01:11:14.885;
589000;222;119690;0;157098;2022-04-02T01:41:17.801;
590000;211;117339;0;162285;2022-04-02T02:10:44.271;
591000;184;108717;0;175679;2022-04-02T02:38:00.066;
592000;171;112276;0;171710;2022-04-02T03:06:17.129;
593000;196;118249;0;161079;2022-04-02T03:36:03.655;
594000;201;112466;0;170735;2022-04-02T04:04:17.686;
595000;201;111599;0;172328;2022-04-02T04:32:23.442;
596000;210;114681;0;166659;2022-04-02T05:01:11.637;
597000;188;108624;0;177734;2022-04-02T05:28:27.163;
598000;210;111403;0;172004;2022-04-02T05:56:24.486;
599000;192;116246;0;165351;2022-04-02T06:25:35.487;
600000;186;104871;0;183652;2022-04-02T06:51:55.831;
601000;202;113640;0;167448;2022-04-02T07:20:26.053;
602000;197;108983;0;177957;2022-04-02T07:47:46.932;
603000;162;102495;0;186181;2022-04-02T08:13:33.941;
604000;161;100949;0;189890;2022-04-02T08:38:57.340;
605000;160;102309;0;186831;2022-04-02T09:04:37.496;
606000;176;109756;0;172680;2022-04-02T09:32:10.362;
607000;175;107482;0;179102;2022-04-02T09:59:09.861;
608000;174;107490;0;178812;2022-04-02T10:26:11.325;
609000;203;114626;0;167796;2022-04-02T10:54:58.046;
610000;192;114808;0;166874;2022-04-02T11:23:47.424;
611000;214;119896;0;158354;2022-04-02T11:53:55.136;
612000;214;113172;0;170086;2022-04-02T12:22:23.398;
613000;208;111241;0;172660;2022-04-02T12:50:18.004;
614000;186;109614;0;175885;2022-04-02T13:17:49.204;
615000;223;116188;0;165311;2022-04-02T13:46:59.392;
616000;202;112246;0;169210;2022-04-02T14:15:10.405;
617000;197;108874;0;176546;2022-04-02T14:42:29.891;
618000;187;110264;0;173352;2022-04-02T15:10:10.265;
619000;199;115657;0;166710;2022-04-02T15:39:13.669;
620000;171;106285;0;181076;2022-04-02T16:06:00.304;
621000;182;105412;0;180143;2022-04-02T16:32:29.653;
622000;180;109606;0;175704;2022-04-02T17:00:01.151;
623000;217;115706;0;165512;2022-04-02T17:29:04.327;
624000;203;111526;0;171190;2022-04-02T17:57:03.363;
625000;200;118043;0;160362;2022-04-02T18:26:42.225;
626000;200;113238;0;166205;2022-04-02T18:55:07.545;
627000;215;109871;0;176863;2022-04-02T19:22:42.946;
628000;178;107406;0;177082;2022-04-02T19:49:41.126;
629000;189;107627;0;179388;2022-04-02T20:16:45.203;
630000;183;111148;0;171341;2022-04-02T20:44:40.076;
631000;210;117325;0;162366;2022-04-02T21:14:09.554;
632000;177;109041;0;174893;2022-04-02T21:41:30.902;
633000;200;114505;0;166631;2022-04-02T22:10:14.785;
634000;186;109959;0;174698;2022-04-02T22:37:51.193;
635000;194;110195;0;173857;2022-04-02T23:05:30.570;
636000;208;111124;0;170964;2022-04-02T23:33:23.740;
637000;200;110621;0;172989;2022-04-03T00:01:12.990;
638000;176;108227;0;175926;2022-04-03T00:28:26.927;
639000;169;110921;0;171136;2022-04-03T00:56:18.944;
640000;196;112448;0;169421;2022-04-03T01:24:34.449;
641000;189;111419;0;171422;2022-04-03T01:52:32.349;
642000;194;108887;0;175224;2022-04-03T02:19:53.760;
643000;187;105473;0;182298;2022-04-03T02:46:26.563;
644000;199;110214;0;172533;2022-04-03T03:14:26.924;
645000;186;111179;0;170700;2022-04-03T03:42:34.392;
646000;153;100870;0;188149;2022-04-03T04:07:58.738;
647000;206;119552;0;155899;2022-04-03T04:38:01.078;
648000;212;117142;0;164315;2022-04-03T05:07:26.534;
649000;189;110414;0;173385;2022-04-03T05:35:10.013;
650000;188;107162;0;179630;2022-04-03T06:02:04.455;
651000;185;105045;0;181299;2022-04-03T06:28:28.190;
652000;166;103667;0;184814;2022-04-03T06:54:29.996;
653000;162;100329;0;192014;2022-04-03T07:19:42.927;
654000;183;107251;0;175562;2022-04-03T07:46:39.728;
655000;167;102751;0;183974;2022-04-03T08:12:31.736;
656000;191;106888;0;178518;2022-04-03T08:39:21.377;
657000;218;118288;0;162515;2022-04-03T09:09:04.505;
658000;187;109731;0;175866;2022-04-03T09:36:38.376;
659000;211;112975;0;169456;2022-04-03T10:05:00.204;
660000;196;110936;0;172658;2022-04-03T10:32:51.241;
661000;190;113479;0;168787;2022-04-03T11:01:22.405;
662000;188;107853;0;177765;2022-04-03T11:28:27.175;
663000;190;112533;0;169861;2022-04-03T11:56:45.479;
664000;190;105366;0;183496;2022-04-03T12:23:12.389;
665000;199;112380;0;170506;2022-04-03T12:51:34.402;
666000;202;110817;0;172982;2022-04-03T13:19:41.697;
667000;195;113639;0;167297;2022-04-03T13:48:33.836;
668000;232;118241;0;159195;2022-04-03T14:18:36.245;
669000;222;115291;0;165905;2022-04-03T14:47:53.629;
670000;119;82693;0;221004;2022-04-03T15:08:53.224;
671000;199;113179;0;170109;2022-04-03T15:37:36.622;
672000;196;114561;0;165852;2022-04-03T16:06:44.230;
673000;189;111756;0;172787;2022-04-03T16:34:50.622;
674000;156;104297;0;184098;2022-04-03T17:01:01.102;
675000;218;113387;0;168805;2022-04-03T17:29:30.539;
676000;165;105917;0;181275;2022-04-03T17:56:07.856;
677000;157;101307;0;189344;2022-04-03T18:21:34.174;
678000;172;108771;0;175500;2022-04-03T18:48:53.808;
679000;193;112584;0;169260;2022-04-03T19:17:09.666;
680000;177;111150;0;172717;2022-04-03T19:45:06.710;
681000;202;116543;0;163228;2022-04-03T20:14:25.218;
682000;229;119253;0;159535;2022-04-03T20:44:22.918;
683000;149;107208;0;179553;2022-04-03T21:11:19.940;
684000;170;106192;0;179583;2022-04-03T21:38:01.500;
685000;208;115350;0;166613;2022-04-03T22:06:59.106;
686000;184;110971;0;171803;2022-04-03T22:34:51.670;
687000;193;114011;0;167072;2022-04-03T23:03:30.416;
688000;215;119716;0;159382;2022-04-03T23:33:33.898;
689000;165;100041;0;191184;2022-04-03T23:58:44.948;
690000;192;105131;0;182369;2022-04-04T00:25:09.634;
691000;181;108266;0;177125;2022-04-04T00:52:22.108;
692000;185;108280;0;177127;2022-04-04T01:19:36.992;
693000;179;109771;0;175101;2022-04-04T01:47:09.520;
694000;174;103433;0;185333;2022-04-04T02:13:09.898;
695000;216;114155;0;166769;2022-04-04T02:41:51.483;
696000;180;114412;0;166502;2022-04-04T03:10:52.074;
697000;186;108785;0;176156;2022-04-04T03:38:11.563;
698000;175;102883;0;186006;2022-04-04T04:04:17.373;
699000;202;109921;0;173690;2022-04-04T04:31:54.807;
700000;206;117324;0;162457;2022-04-04T05:01:22.289;
701000;157;98368;0;194371;2022-04-04T05:26:03.879;
702000;159;100011;0;191228;2022-04-04T05:51:11.748;
703000;130;94431;0;199758;2022-04-04T06:14:54.675;
704000;155;102393;0;188029;2022-04-04T06:40:37.454;
705000;150;95881;0;197944;2022-04-04T07:04:42.112;
706000;170;101973;0;186155;2022-04-04T07:30:19.156;
707000;176;107655;0;177566;2022-04-04T07:57:25.270;
708000;171;106341;0;178742;2022-04-04T08:24:08.292;
709000;202;114978;0;165981;2022-04-04T08:53:01.288;
710000;176;112491;0;168969;2022-04-04T09:21:17.084;
711000;184;109264;0;173406;2022-04-04T09:48:42.816;
712000;160;101517;0;188943;2022-04-04T10:14:12.634;
713000;192;107318;0;177724;2022-04-04T10:41:11.122;
714000;196;112407;0;169631;2022-04-04T11:09:26.009;
715000;162;103134;0;185799;2022-04-04T11:35:19.428;
716000;180;107919;0;176973;2022-04-04T12:02:27.925;
717000;192;110101;0;174138;2022-04-04T12:30:07.912;
718000;149;100636;0;190914;2022-04-04T12:55:23.614;
719000;182;104971;0;182262;2022-04-04T13:21:43.246;
720000;167;108325;0;176409;2022-04-04T13:48:57.119;
721000;186;107014;0;178928;2022-04-04T14:15:49.077;
722000;183;108667;0;176261;2022-04-04T14:43:04.034;
723000;183;108311;0;177268;2022-04-04T15:10:21.042;
724000;164;97883;0;193883;2022-04-04T15:35:09.478;
725000;177;108591;0;178030;2022-04-04T16:02:27.324;
726000;158;100428;0;190885;2022-04-04T16:27:41.218;
727000;148;95904;0;197956;2022-04-04T16:51:47.970;
728000;151;97039;0;194568;2022-04-04T17:16:11.032;
729000;156;101720;0;186707;2022-04-04T17:41:43.734;
730000;175;106010;0;179898;2022-04-04T18:08:21.543;
731000;173;104071;0;184086;2022-04-04T18:34:30.093;
732000;208;111882;0;171264;2022-04-04T19:02:38.767;
733000;190;108098;0;177015;2022-04-04T19:29:48.136;
734000;190;114472;0;166708;2022-04-04T19:58:35.193;
735000;175;108172;0;179360;2022-04-04T20:25:47.231;
736000;230;120552;0;155303;2022-04-04T20:56:04.798;
737000;174;111413;0;172382;2022-04-04T21:24:03.867;
738000;183;110214;0;172205;2022-04-04T21:51:44.229;
739000;200;114229;0;166998;2022-04-04T22:20:27.228;
740000;177;102638;0;187377;2022-04-04T22:46:14.465;
741000;170;104406;0;184079;2022-04-04T23:12:28.686;
742000;168;102965;0;186907;2022-04-04T23:38:19.239;
743000;171;107648;0;177862;2022-04-05T00:05:26.066;
744000;163;100865;0;189067;2022-04-05T00:30:57.885;
745000;208;109886;0;175258;2022-04-05T00:58:32.791;
746000;159;98146;0;192518;2022-04-05T01:23:11.737;
747000;178;103583;0;185165;2022-04-05T01:49:15.781;
748000;153;98729;0;192735;2022-04-05T02:14:02.085;
749000;169;105024;0;184269;2022-04-05T02:40:21.738;
750000;163;101381;0;188964;2022-04-05T03:05:48.123;
751000;180;103277;0;184235;2022-04-05T03:32:03.408;
752000;205;113478;0;168237;2022-04-05T04:00:46.803;
753000;198;111835;0;171520;2022-04-05T04:28:52.427;
754000;187;111073;0;172458;2022-04-05T04:56:46.257;
755000;150;94210;0;200717;2022-04-05T05:20:25.475;
756000;169;103561;0;184080;2022-04-05T05:46:24.585;
757000;188;111722;0;172768;2022-04-05T06:14:28.313;
758000;203;111051;0;173403;2022-04-05T06:42:22.509;
759000;176;106779;0;178982;2022-04-05T07:09:11.506;
760000;193;106644;0;181791;2022-04-05T07:35:57.325;
761000;199;113434;0;170334;2022-04-05T08:04:29.245;
762000;205;113606;0;168969;2022-04-05T08:33:01.418;
763000;195;104649;0;182411;2022-04-05T08:59:18.577;
764000;182;107317;0;176741;2022-04-05T09:26:14.274;
765000;190;107201;0;177692;2022-04-05T09:53:10.024;
766000;175;105969;0;181542;2022-04-05T10:19:45.149;
767000;174;105201;0;181482;2022-04-05T10:46:08.283;
768000;179;106969;0;178625;2022-04-05T11:12:58.261;
769000;207;113078;0;168642;2022-04-05T11:41:21.743;
770000;158;107109;0;179682;2022-04-05T12:08:16.474;
771000;194;113297;0;168333;2022-04-05T12:36:43.788;
772000;195;113480;0;167831;2022-04-05T13:05:12.958;
773000;194;108827;0;175198;2022-04-05T13:32:33.763;
774000;171;108036;0;177702;2022-04-05T13:59:41.899;
775000;159;100085;0;191101;2022-04-05T14:24:52.340;
776000;189;109213;0;176519;2022-04-05T14:52:17.125;
777000;198;114591;0;165086;2022-04-05T15:21:04.185;
778000;246;116949;0;161979;2022-04-05T15:50:23.575;
779000;215;114405;0;168207;2022-04-05T16:19:09.939;
780000;177;113166;0;170313;2022-04-05T16:47:37.146;
781000;202;109537;0;174676;2022-04-05T17:15:03.986;
782000;197;113351;0;169006;2022-04-05T17:43:30.233;
783000;201;113012;0;168420;2022-04-05T18:11:52.070;
784000;174;104866;0;183686;2022-04-05T18:38:10.094;
785000;149;94303;0;199443;2022-04-05T19:01:49.244;
786000;182;105734;0;181702;2022-04-05T19:28:19.749;
787000;177;114673;0;166277;2022-04-05T19:57:08.652;
788000;175;106735;0;179710;2022-04-05T20:23:54.782;
789000;191;112219;0;171561;2022-04-05T20:52:04.444;
790000;205;114131;0;166771;2022-04-05T21:20:44.267;
791000;192;111581;0;171941;2022-04-05T21:48:44.658;
792000;186;112752;0;169410;2022-04-05T22:17:03.270;
793000;161;100108;0;189657;2022-04-05T22:42:10.439;
794000;191;110438;0;172117;2022-04-05T23:09:55.326;
795000;146;100609;0;188748;2022-04-05T23:35:11.516;
796000;168;104861;0;182242;2022-04-06T00:01:34.045;
797000;175;103922;0;185195;2022-04-06T00:27:37.999;
798000;175;106230;0;179175;2022-04-06T00:54:18.606;
799000;173;110441;0;171856;2022-04-06T01:22:00.566;
800000;183;113504;0;168714;2022-04-06T01:50:28.399;
801000;176;100101;0;189666;2022-04-06T02:15:34.556;
802000;137;91912;0;204328;2022-04-06T02:38:39.232;
803000;183;103386;0;184279;2022-04-06T03:04:35.613;
804000;171;105112;0;182402;2022-04-06T03:31:12.881;
805000;201;105498;0;182325;2022-04-06T03:57:43.888;
806000;132;89837;0;207403;2022-04-06T04:20:18.467;
807000;170;107944;0;178109;2022-04-06T04:47:22.213;
808000;161;97464;0;194747;2022-04-06T05:11:48.763;
809000;184;104934;0;183859;2022-04-06T05:38:07.530;
810000;167;99481;0;189558;2022-04-06T06:03:07.028;
811000;179;102600;0;186214;2022-04-06T06:28:50.018;
812000;179;103796;0;185137;2022-04-06T06:54:51.741;
813000;203;115276;0;164961;2022-04-06T07:23:45.567;
814000;179;106261;0;181504;2022-04-06T07:50:24.973;
815000;210;113944;0;167805;2022-04-06T08:19:00.793;
816000;173;105546;0;180511;2022-04-06T08:45:27.938;
817000;197;112204;0;170809;2022-04-06T09:13:37.770;
818000;199;117354;0;162225;2022-04-06T09:43:05.820;
819000;183;112232;0;170345;2022-04-06T10:11:14.945;
820000;174;103909;0;183492;2022-04-06T10:37:17.411;
821000;157;99029;0;191979;2022-04-06T11:02:09.110;
822000;161;99125;0;194549;2022-04-06T11:27:01.305;
823000;195;109004;0;176121;2022-04-06T11:54:21.866;
824000;180;114437;0;167621;2022-04-06T12:23:05.888;
825000;197;110958;0;173732;2022-04-06T12:50:56.412;
826000;197;116446;0;163537;2022-04-06T13:20:10.119;
827000;173;103389;0;184985;2022-04-06T13:46:04.941;
828000;189;108656;0;176914;2022-04-06T14:13:20.948;
829000;184;106201;0;179347;2022-04-06T14:40:01.832;
830000;181;111029;0;172605;2022-04-06T15:07:52.082;
831000;176;106227;0;181169;2022-04-06T15:34:30.603;
832000;199;117300;0;161690;2022-04-06T16:04:00.679;
833000;193;112120;0;172328;2022-04-06T16:32:09.360;
834000;211;115752;0;166138;2022-04-06T17:01:13.844;
835000;184;104655;0;183136;2022-04-06T17:27:28.540;
