totalGamesPlayed;gamesWonInSeries;movesInSeries;correctMovesInSeries;cellsToUnCoverInSeries;
1000;0;2649;0;30221;
2000;12;6366;0;18097;
3000;62;9172;0;13875;
4000;140;10253;0;11558;
5000;171;11040;0;10296;
6000;211;12162;0;9279;
7000;227;12356;0;9022;
8000;288;12804;0;7872;
9000;312;13400;0;7876;
10000;332;13902;0;7388;
11000;364;13858;0;6933;
12000;401;13930;0;6622;
13000;431;14640;0;6035;
14000;456;15495;0;5184;
15000;460;14779;0;6325;
16000;479;15177;0;6093;
17000;500;15428;0;5806;
18000;480;15775;0;5274;
19000;517;16009;0;5592;
20000;503;15489;0;5161;
21000;554;15938;0;4634;
22000;544;15685;0;5859;
23000;572;16441;0;4399;
24000;630;16234;0;4163;
25000;626;16575;0;3300;
26000;581;16319;0;4318;
27000;611;16136;0;4589;
28000;621;16852;0;4075;
29000;653;16544;0;3754;
30000;644;16825;0;3640;
31000;633;16842;0;3433;
32000;658;16701;0;3490;
33000;670;16718;0;3616;
34000;672;17077;0;2862;
35000;677;17094;0;2795;
36000;689;16813;0;3364;
37000;682;16972;0;3323;
38000;703;17072;0;3710;
39000;711;17024;0;3302;
40000;696;16970;0;2844;
41000;710;16989;0;3199;
42000;723;17104;0;3299;
43000;716;17245;0;3067;
44000;698;17195;0;3283;
45000;700;17504;0;3127;
46000;715;17161;0;3349;
47000;742;17299;0;2622;
48000;733;17424;0;2641;
49000;736;17255;0;3089;
50000;716;17022;0;3174;
51000;745;17441;0;3071;
52000;757;17266;0;2764;
53000;760;17675;0;2333;
54000;744;17480;0;2571;
55000;766;17508;0;2284;
56000;741;17372;0;3147;
57000;754;17378;0;2508;
58000;754;17621;0;2712;
59000;762;18004;0;2547;
60000;758;17588;0;2462;
61000;753;17328;0;2887;
62000;758;17188;0;3129;
63000;739;17761;0;2801;
64000;783;17491;0;2944;
65000;778;17601;0;2695;
66000;785;17474;0;2653;
67000;755;17490;0;2526;
68000;784;17784;0;3010;
69000;792;17619;0;2421;
70000;768;17414;0;2362;
71000;773;17978;0;2310;
72000;788;17463;0;2814;
73000;785;17759;0;2628;
74000;772;17507;0;2290;
75000;774;17518;0;2554;
76000;787;17564;0;2487;
77000;790;17687;0;2604;
78000;788;17853;0;2447;
79000;798;17680;0;1896;
80000;788;17668;0;2656;
81000;797;17852;0;2440;
82000;788;17664;0;2267;
83000;791;17919;0;2327;
84000;793;17942;0;1939;
85000;797;17357;0;2474;
86000;796;17751;0;2685;
87000;813;17730;0;2407;
88000;787;17758;0;2821;
89000;770;17508;0;2861;
90000;795;17995;0;2299;
91000;805;17871;0;2582;
92000;797;17654;0;2650;
93000;790;17535;0;2255;
94000;807;17465;0;2469;
95000;822;17722;0;1774;
96000;815;17570;0;2074;
97000;803;17785;0;2391;
98000;803;18051;0;2540;
99000;819;17954;0;1870;
100000;829;17844;0;2222;
101000;828;17834;0;1898;
102000;820;17967;0;2139;
103000;820;17821;0;2340;
104000;810;17793;0;1808;
105000;827;18056;0;1808;
106000;827;18176;0;1931;
107000;829;18147;0;1944;
108000;825;17551;0;2337;
109000;800;17802;0;2205;
110000;798;17867;0;2371;
111000;804;18347;0;2054;
112000;801;17771;0;2374;
113000;811;18311;0;2129;
114000;795;18080;0;2198;
115000;827;17851;0;2266;
116000;816;17597;0;2480;
117000;829;17769;0;2147;
118000;812;17861;0;1995;
119000;820;17453;0;2160;
120000;842;17862;0;2097;
121000;827;17972;0;2107;
122000;805;17819;0;2627;
123000;814;18008;0;2069;
124000;820;17914;0;2243;
125000;828;17783;0;2258;
126000;823;17879;0;2286;
127000;838;17645;0;2081;
128000;821;17815;0;1693;
129000;817;17845;0;2199;
130000;817;17979;0;2324;
131000;827;17927;0;2263;
132000;830;17726;0;2015;
133000;809;18238;0;2050;
134000;833;17908;0;1865;
135000;867;17794;0;1556;
136000;827;17934;0;1949;
137000;850;18108;0;1762;
138000;841;18002;0;2239;
139000;840;18044;0;1920;
140000;847;17825;0;1874;
141000;855;17844;0;1907;
142000;831;17811;0;2148;
143000;852;18467;0;1618;
144000;829;17774;0;2184;
145000;839;17800;0;1977;
146000;831;17762;0;2137;
147000;850;18005;0;1892;
148000;837;17917;0;2508;
149000;838;18106;0;1583;
150000;841;18081;0;2052;
151000;856;18088;0;1560;
152000;840;17847;0;2314;
153000;839;17611;0;2275;
154000;855;18254;0;1709;
155000;855;17365;0;2087;
156000;852;18279;0;1746;
157000;828;17588;0;1962;
158000;841;17846;0;1750;
159000;842;17820;0;2538;
160000;855;18085;0;1797;
161000;848;18032;0;2051;
162000;839;17918;0;1938;
163000;853;17895;0;2086;
164000;827;18152;0;1768;
165000;863;18320;0;1276;
166000;853;18032;0;1899;
167000;843;17884;0;2199;
168000;839;18121;0;1990;
169000;837;18071;0;2040;
170000;836;18052;0;1869;
171000;861;18120;0;2040;
172000;842;17765;0;1941;
173000;860;17704;0;1609;
174000;848;17852;0;1827;
175000;845;18142;0;2047;
176000;848;17909;0;1873;
177000;868;18269;0;1638;
178000;871;18227;0;1181;
179000;873;18157;0;1692;
180000;834;18102;0;2007;
181000;849;17691;0;1888;
182000;847;18220;0;1681;
183000;858;18111;0;1356;
184000;860;18081;0;1454;
185000;842;17540;0;1624;
186000;847;18110;0;1898;
187000;860;18204;0;1673;
188000;840;18101;0;1935;
189000;862;18003;0;1461;
190000;861;17855;0;1834;
191000;871;18174;0;1627;
192000;856;18181;0;1772;
193000;853;18169;0;2003;
194000;844;18290;0;1698;
195000;854;18222;0;1584;
196000;855;18100;0;1554;
197000;832;18383;0;2459;
198000;873;18193;0;1600;
199000;865;17953;0;1692;
200000;856;18190;0;1644;
201000;850;17604;0;1939;
202000;863;18253;0;1316;
203000;854;18219;0;1613;
204000;877;18078;0;1456;
205000;865;18072;0;1822;
206000;841;17811;0;1971;
207000;859;18429;0;1896;
208000;860;18173;0;1630;
209000;842;18240;0;1901;
210000;871;17967;0;1538;
211000;851;18206;0;1867;
212000;862;17952;0;1753;
213000;850;18115;0;2012;
214000;867;17903;0;1876;
215000;847;17778;0;1924;
216000;866;18091;0;1900;
217000;850;17884;0;1608;
218000;876;18050;0;1776;
219000;864;17746;0;1664;
220000;860;17975;0;1957;
221000;857;18122;0;1590;
222000;867;18185;0;1681;
223000;869;18004;0;1656;
224000;867;18277;0;1577;
225000;858;18365;0;1508;
226000;850;17955;0;1683;
227000;888;18032;0;1238;
228000;874;18047;0;1786;
229000;885;18554;0;1123;
230000;844;18293;0;2025;
231000;864;18241;0;1851;
232000;855;17760;0;1602;
233000;885;18231;0;1339;
234000;864;18037;0;1572;
235000;862;17900;0;1974;
236000;861;18109;0;1730;
237000;875;17910;0;1452;
238000;865;17934;0;1416;
239000;866;17992;0;1662;
240000;874;17989;0;1641;
241000;861;17913;0;1449;
242000;857;17669;0;1894;
243000;867;17717;0;1618;
244000;861;18037;0;1739;
245000;857;17967;0;1927;
246000;882;18410;0;1957;
247000;875;18019;0;1388;
248000;886;18257;0;1506;
249000;877;17825;0;1727;
250000;862;18057;0;1733;
251000;859;17853;0;1891;
252000;887;18193;0;1171;
253000;866;18104;0;1472;
254000;874;18277;0;1498;
255000;862;17895;0;1571;
256000;883;18470;0;1457;
257000;874;18114;0;1464;
258000;864;18454;0;1727;
259000;887;18136;0;1357;
260000;859;17795;0;1896;
261000;865;18349;0;1368;
262000;871;18064;0;1309;
263000;863;17874;0;1610;
264000;864;18420;0;1964;
265000;866;17836;0;2018;
266000;878;17942;0;1615;
267000;875;18141;0;1572;
268000;869;18041;0;1607;
269000;868;18268;0;1566;
270000;878;18729;0;1343;
271000;867;17623;0;1575;
272000;867;17954;0;1463;
273000;881;18488;0;1412;
274000;872;17968;0;1693;
275000;870;17979;0;1463;
276000;861;18118;0;1770;
277000;874;18190;0;1276;
278000;878;18788;0;1177;
279000;885;18397;0;1471;
280000;865;18157;0;1924;
281000;862;18055;0;1652;
282000;864;17847;0;1861;
283000;863;17855;0;1896;
284000;868;17994;0;1644;
285000;873;18125;0;1337;
286000;858;18569;0;1868;
287000;871;18581;0;1224;
288000;856;18157;0;1595;
289000;878;18382;0;1277;
290000;859;18477;0;1818;
291000;866;18487;0;1560;
292000;886;18033;0;1592;
293000;871;18261;0;1645;
294000;877;18672;0;1372;
295000;880;18380;0;1795;
296000;876;18279;0;1618;
297000;868;18405;0;1402;
298000;879;18362;0;1431;
299000;880;17932;0;1650;
300000;855;18091;0;1931;
301000;882;18187;0;1503;
302000;886;18331;0;1221;
303000;875;18094;0;1270;
304000;872;18191;0;1458;
305000;884;17791;0;1522;
306000;873;18070;0;1473;
307000;885;18114;0;1353;
308000;877;18284;0;1305;
309000;879;18072;0;1774;
310000;876;18177;0;1609;
311000;872;18081;0;1524;
312000;876;18283;0;1487;
313000;870;18430;0;1387;
314000;870;18505;0;1935;
315000;878;18068;0;1691;
316000;870;18150;0;1903;
317000;864;17988;0;1951;
318000;879;18147;0;1388;
319000;878;18275;0;1456;
320000;868;18400;0;1731;
321000;894;17992;0;1227;
322000;855;18199;0;1953;
323000;863;18382;0;1585;
324000;884;17989;0;1526;
325000;890;18129;0;1211;
326000;875;18360;0;1782;
327000;874;18149;0;1743;
328000;877;18239;0;1267;
329000;875;18288;0;1426;
330000;900;18281;0;1096;
331000;878;18370;0;1660;
332000;872;18327;0;1339;
333000;897;18158;0;1530;
334000;897;18347;0;1032;
335000;865;18001;0;1711;
336000;854;17918;0;1413;
337000;885;18521;0;1415;
338000;880;18352;0;1495;
339000;870;18084;0;1885;
340000;866;18035;0;1768;
341000;877;18117;0;1850;
342000;879;18129;0;1358;
343000;867;18242;0;1886;
344000;879;17999;0;1247;
345000;872;17885;0;1754;
346000;876;18338;0;1546;
347000;865;18047;0;1650;
348000;885;18247;0;1562;
349000;881;17783;0;1507;
350000;883;18218;0;1187;
351000;887;18091;0;968;
352000;886;18557;0;1271;
353000;882;18413;0;1392;
354000;870;18424;0;1470;
355000;900;18187;0;1169;
356000;891;17987;0;1279;
357000;879;18223;0;1892;
358000;874;18165;0;1179;
359000;890;18431;0;1524;
360000;880;18363;0;1416;
361000;877;18281;0;1874;
362000;886;18742;0;1128;
363000;868;18314;0;1451;
364000;879;18431;0;1160;
365000;895;18120;0;1241;
366000;863;17615;0;2063;
367000;876;18066;0;1909;
368000;887;18157;0;1350;
369000;876;18231;0;1488;
370000;888;18388;0;1508;
371000;880;18402;0;1772;
372000;876;18166;0;1510;
373000;889;18252;0;1422;
374000;883;18182;0;1635;
375000;869;18067;0;1509;
376000;888;18294;0;1360;
377000;870;17958;0;1595;
378000;892;18477;0;1422;
379000;868;18219;0;1705;
380000;877;17939;0;1915;
381000;855;18345;0;1886;
382000;871;18168;0;1576;
383000;907;18519;0;1104;
384000;868;18240;0;1528;
385000;873;18214;0;1646;
386000;884;18270;0;1470;
387000;867;18323;0;1534;
388000;883;18440;0;1705;
389000;888;18407;0;1644;
390000;876;18061;0;1394;
391000;875;17901;0;1528;
392000;886;18190;0;1497;
393000;881;18091;0;1604;
394000;890;17599;0;1678;
395000;900;18337;0;1415;
396000;890;18395;0;1358;
397000;878;18072;0;1469;
398000;886;18080;0;1079;
399000;900;18407;0;1071;
400000;898;18186;0;1050;
401000;899;18352;0;1163;
402000;890;18330;0;1533;
403000;883;18281;0;1455;
404000;899;18302;0;1299;
405000;876;18020;0;1489;
406000;889;18381;0;1473;
407000;883;18176;0;1685;
408000;896;18057;0;1528;
409000;891;18388;0;1328;
410000;881;18505;0;1554;
411000;881;17961;0;1427;
412000;879;18143;0;1499;
413000;886;17991;0;1111;
414000;892;18383;0;1587;
415000;879;18520;0;1432;
416000;879;18587;0;1513;
417000;871;17996;0;1632;
418000;886;17755;0;1400;
419000;862;18165;0;1624;
420000;894;18050;0;1607;
421000;877;18265;0;1863;
422000;888;18593;0;1440;
423000;887;17673;0;875;
424000;892;17871;0;1385;
425000;870;18064;0;1345;
426000;891;18260;0;1683;
427000;869;17772;0;1888;
428000;879;18405;0;1675;
429000;890;18256;0;1346;
430000;875;18379;0;1593;
431000;884;18072;0;1461;
432000;867;18210;0;1978;
433000;878;17968;0;1545;
434000;887;18288;0;1385;
435000;890;18058;0;1536;
436000;892;18566;0;1100;
437000;899;18184;0;1283;
438000;888;18028;0;1487;
439000;891;18226;0;1354;
440000;871;17970;0;1709;
441000;875;18134;0;1555;
442000;898;18042;0;805;
443000;897;18366;0;1126;
444000;873;18283;0;1850;
445000;880;18484;0;1706;
446000;891;18387;0;1456;
447000;891;18239;0;1373;
448000;895;18346;0;1171;
449000;881;17883;0;1313;
450000;885;18067;0;1319;
451000;893;18732;0;1407;
452000;891;18214;0;1820;
453000;880;17980;0;1505;
454000;882;18800;0;1705;
455000;885;18062;0;1457;
456000;890;18231;0;1404;
457000;891;18362;0;1250;
458000;889;18288;0;1406;
459000;890;18259;0;1114;
460000;900;18293;0;1009;
461000;899;18080;0;1252;
462000;882;18236;0;1272;
463000;888;18487;0;1355;
464000;881;17858;0;1396;
465000;891;18050;0;1763;
466000;888;18299;0;1494;
467000;893;18144;0;1388;
468000;880;18257;0;1432;
469000;906;18585;0;1292;
470000;862;18189;0;1836;
471000;886;18085;0;1409;
472000;878;18227;0;1834;
473000;884;18510;0;1412;
474000;891;18003;0;1578;
475000;880;18111;0;1557;
476000;886;18025;0;1712;
477000;876;18204;0;1454;
478000;877;18339;0;1523;
479000;890;18781;0;1311;
480000;884;17764;0;1420;
481000;890;18380;0;1499;
482000;880;18107;0;1764;
483000;891;18583;0;1119;
484000;896;18232;0;1406;
485000;884;18175;0;1478;
486000;897;18682;0;1216;
487000;894;18276;0;1760;
488000;893;18266;0;1130;
489000;908;18390;0;1109;
490000;890;18070;0;1438;
491000;901;18418;0;1477;
492000;884;18410;0;1421;
493000;884;18493;0;1360;
494000;883;18002;0;1433;
495000;883;18184;0;1391;
496000;859;18094;0;1843;
497000;903;18175;0;1531;
498000;903;18408;0;1394;
499000;899;18321;0;1081;
500000;882;18092;0;1560;
501000;898;18295;0;1502;
502000;899;18383;0;1504;
503000;894;18200;0;1563;
504000;872;17806;0;1560;
505000;885;18035;0;1857;
506000;885;18327;0;1678;
507000;913;18500;0;1239;
508000;878;18396;0;1400;
509000;887;18498;0;1318;
510000;877;18480;0;1440;
511000;891;18085;0;1402;
512000;894;18091;0;1365;
513000;880;18116;0;1164;
514000;877;18049;0;1463;
515000;903;18370;0;1174;
516000;893;18052;0;1312;
517000;892;18306;0;1363;
518000;890;18160;0;1288;
519000;891;18173;0;1380;
520000;888;18304;0;1086;
521000;894;18117;0;1873;
522000;894;18112;0;1640;
523000;872;17857;0;1406;
524000;906;18314;0;1140;
525000;884;18332;0;1559;
526000;885;18176;0;1520;
527000;904;17983;0;1263;
528000;882;18615;0;1535;
529000;890;17830;0;1384;
530000;881;18165;0;1966;
531000;892;18464;0;1360;
532000;875;18233;0;1669;
533000;889;18350;0;1390;
534000;876;18279;0;1857;
535000;907;18297;0;1046;
536000;894;18051;0;1569;
537000;881;18170;0;1488;
538000;892;17847;0;1482;
539000;891;17967;0;1586;
540000;876;18173;0;1601;
541000;890;17863;0;1259;
542000;894;18297;0;1109;
543000;890;18108;0;1173;
544000;878;18298;0;1459;
545000;889;18211;0;1501;
546000;885;17971;0;1725;
547000;885;18249;0;1452;
548000;880;18228;0;1339;
549000;895;18394;0;1270;
550000;893;18185;0;1529;
551000;896;18217;0;1289;
552000;883;18128;0;1506;
553000;886;18320;0;1427;
554000;891;18277;0;1144;
555000;892;18535;0;1508;
556000;885;18098;0;1493;
557000;892;18279;0;1531;
558000;882;18394;0;1347;
559000;883;17889;0;1748;
560000;886;17961;0;1440;
561000;873;17988;0;1500;
562000;889;18417;0;1246;
563000;890;18356;0;1275;
564000;886;18159;0;1432;
565000;891;18476;0;1524;
566000;888;18043;0;1347;
567000;898;18331;0;1356;
568000;899;18341;0;1515;
569000;888;17974;0;1390;
570000;901;18436;0;1299;
571000;885;18387;0;1089;
572000;891;18225;0;1244;
573000;892;18356;0;1175;
574000;895;18227;0;1431;
575000;887;17861;0;1543;
576000;883;18507;0;1450;
577000;881;18243;0;1457;
578000;877;18540;0;1262;
579000;902;18176;0;1035;
580000;892;18428;0;1212;
581000;878;18123;0;1686;
582000;889;18511;0;1353;
583000;892;18058;0;1436;
584000;914;18396;0;850;
585000;875;18284;0;1530;
586000;874;18226;0;1584;
587000;884;18187;0;1515;
588000;902;18389;0;1206;
589000;897;18082;0;1445;
590000;892;18307;0;1233;
591000;897;18436;0;1233;
592000;880;18283;0;1521;
593000;902;18242;0;1326;
594000;890;18105;0;1315;
595000;890;17684;0;1489;
596000;883;17991;0;1433;
597000;889;18348;0;1069;
598000;881;18022;0;1453;
599000;910;18216;0;979;
600000;882;17984;0;1590;
601000;894;18281;0;1166;
602000;897;18315;0;1454;
603000;891;18439;0;1625;
604000;888;17915;0;1255;
605000;892;18144;0;1529;
606000;887;18023;0;1454;
607000;896;18369;0;1289;
608000;885;18240;0;1484;
609000;879;18226;0;1470;
610000;889;18215;0;1482;
611000;883;18412;0;1237;
612000;890;18046;0;1378;
613000;880;18318;0;1571;
614000;888;18177;0;1595;
615000;878;17848;0;1759;
616000;890;18266;0;1305;
617000;892;18010;0;1541;
618000;877;18144;0;1476;
619000;899;18319;0;1536;
620000;897;18543;0;1344;
621000;888;18287;0;1519;
622000;891;18112;0;1566;
623000;888;18291;0;1487;
624000;906;18656;0;1221;
625000;880;18084;0;1524;
626000;891;18155;0;1388;
627000;883;18073;0;1475;
628000;894;17957;0;1571;
629000;902;18138;0;1198;
630000;907;18781;0;960;
631000;900;18409;0;1169;
632000;899;18645;0;1237;
633000;902;18549;0;859;
634000;898;18205;0;1583;
635000;902;17980;0;1624;
636000;889;18256;0;1170;
637000;894;18405;0;1307;
638000;889;18517;0;1454;
639000;875;18265;0;1866;
640000;899;18268;0;1572;
641000;888;18281;0;1531;
642000;895;17997;0;1418;
643000;877;18075;0;1333;
644000;889;18255;0;1460;
645000;881;18349;0;1553;
646000;895;18452;0;1481;
647000;900;18302;0;1344;
648000;887;18266;0;1245;
649000;901;18022;0;1288;
650000;903;18446;0;1427;
651000;897;18458;0;1384;
652000;896;18126;0;1185;
653000;904;18229;0;1007;
654000;892;18040;0;1424;
655000;902;18820;0;1399;
656000;869;18519;0;1721;
657000;878;17847;0;1759;
658000;895;17987;0;1243;
659000;899;18324;0;1361;
660000;887;18457;0;1525;
661000;898;18313;0;1463;
662000;897;18601;0;1085;
663000;887;18435;0;1412;
664000;893;18026;0;1296;
665000;901;18241;0;1286;
666000;881;18032;0;1605;
667000;906;18782;0;1412;
668000;882;18350;0;1535;
669000;895;18423;0;1462;
670000;900;17907;0;1227;
671000;901;18326;0;1082;
672000;885;18230;0;1450;
673000;909;18521;0;1556;
674000;892;18238;0;1396;
675000;878;18213;0;1382;
676000;887;18202;0;1800;
677000;893;18403;0;1381;
678000;899;18058;0;1396;
679000;892;18115;0;1409;
680000;895;18810;0;1174;
681000;902;18395;0;1250;
682000;905;18339;0;1440;
683000;886;18269;0;1251;
684000;899;18280;0;1174;
685000;896;18009;0;1302;
686000;894;17741;0;1356;
687000;891;18220;0;1399;
688000;895;18353;0;1216;
689000;888;18204;0;1405;
690000;909;18353;0;1273;
691000;898;18384;0;1528;
692000;892;18131;0;1549;
693000;892;18363;0;1272;
694000;902;18421;0;1159;
695000;885;18584;0;1210;
696000;902;18616;0;1450;
697000;888;18368;0;1509;
698000;865;17905;0;1611;
699000;880;18129;0;1998;
700000;882;18516;0;1692;
701000;909;18431;0;936;
702000;888;17903;0;1438;
703000;873;17836;0;1726;
704000;887;18335;0;1645;
705000;903;18289;0;1098;
706000;889;18283;0;1640;
707000;888;17987;0;1207;
708000;876;18171;0;1409;
709000;884;18180;0;1642;
710000;904;18292;0;1231;
711000;902;18218;0;1127;
712000;903;18252;0;1452;
713000;892;18150;0;1434;
714000;877;18174;0;1601;
715000;886;18306;0;1362;
716000;892;18348;0;1549;
717000;889;18286;0;1331;
718000;898;17852;0;1303;
719000;899;18333;0;1135;
720000;884;18101;0;1490;
721000;895;18179;0;1309;
722000;906;18327;0;1305;
723000;890;18300;0;1526;
724000;902;18647;0;1172;
725000;904;18044;0;1069;
726000;898;17955;0;1395;
727000;890;18166;0;1592;
728000;898;18117;0;1370;
729000;892;18154;0;1233;
730000;896;18142;0;1472;
731000;880;18807;0;1435;
732000;882;17988;0;1514;
733000;899;18223;0;1131;
734000;885;18153;0;1519;
735000;910;18203;0;927;
736000;890;18064;0;1238;
737000;900;18114;0;1280;
738000;902;18182;0;1284;
739000;904;18109;0;1450;
740000;897;18280;0;1229;
741000;885;18228;0;1231;
742000;897;18799;0;1514;
743000;907;18564;0;1249;
744000;895;18113;0;1281;
745000;905;18181;0;1207;
746000;893;18045;0;1597;
747000;907;18056;0;1353;
748000;901;18288;0;1420;
749000;889;18206;0;1450;
750000;893;17803;0;1409;
751000;877;18069;0;1679;
752000;887;18105;0;1329;
753000;887;18075;0;1523;
754000;882;18453;0;1562;
755000;892;18244;0;1363;
756000;904;18242;0;1548;
757000;898;17885;0;1702;
758000;891;18113;0;1172;
759000;903;18075;0;1292;
760000;885;18142;0;1592;
761000;913;18381;0;1127;
762000;892;18344;0;1474;
763000;901;18685;0;1164;
764000;889;17874;0;1181;
765000;888;18117;0;1510;
766000;892;18487;0;1458;
767000;880;18009;0;1693;
768000;893;17890;0;1320;
769000;900;18287;0;1181;
770000;897;18287;0;1384;
771000;903;18347;0;1483;
772000;886;18316;0;1573;
773000;919;18515;0;942;
774000;890;18345;0;1615;
775000;889;18320;0;1500;
776000;881;17912;0;1700;
777000;878;18091;0;1932;
778000;896;18208;0;1554;
779000;890;18283;0;1225;
780000;898;18150;0;1290;
781000;900;17997;0;1464;
782000;885;18163;0;1376;
783000;901;18654;0;1249;
784000;896;18259;0;939;
785000;919;18295;0;1053;
786000;889;18263;0;1370;
787000;899;18638;0;1460;
788000;904;18222;0;1201;
789000;885;18306;0;1497;
790000;913;18431;0;1126;
791000;907;18198;0;1442;
792000;886;18112;0;1623;
793000;896;18290;0;1184;
794000;902;18424;0;1334;
795000;895;18487;0;1355;
796000;897;18339;0;1458;
797000;895;18088;0;1179;
798000;885;18395;0;1317;
799000;892;18443;0;1271;
800000;894;18276;0;1541;
801000;896;18237;0;1312;
802000;872;18450;0;1485;
803000;900;18261;0;1277;
804000;875;17837;0;1184;
805000;878;17884;0;1563;
806000;908;18396;0;1177;
807000;900;18293;0;1566;
808000;880;18302;0;1730;
809000;908;18101;0;1107;
810000;894;18190;0;1493;
811000;901;17853;0;1507;
812000;888;18193;0;1322;
813000;896;18398;0;1455;
814000;906;18152;0;1171;
815000;884;17887;0;1749;
816000;892;18348;0;1548;
817000;903;18345;0;1347;
818000;889;18437;0;1454;
819000;907;18071;0;961;
820000;885;17844;0;1738;
821000;894;18066;0;1105;
822000;888;18005;0;1806;
823000;889;18232;0;1534;
824000;902;18262;0;1114;
825000;899;18425;0;1160;
826000;890;18358;0;1605;
827000;885;18473;0;1314;
828000;902;18163;0;1010;
829000;913;18280;0;969;
830000;892;18099;0;1370;
831000;885;18199;0;1649;
832000;902;18298;0;1415;
833000;885;18305;0;1479;
834000;891;18244;0;1344;
835000;914;18170;0;982;
836000;891;18238;0;1093;
837000;912;18267;0;1211;
838000;903;18413;0;1339;
839000;899;18005;0;1531;
840000;899;18338;0;1392;
841000;899;19012;0;1212;
842000;896;18389;0;1342;
843000;903;18211;0;1317;
844000;899;18083;0;1459;
845000;898;18386;0;1615;
846000;910;18573;0;1010;
847000;879;18381;0;1270;
848000;876;18087;0;1613;
849000;905;18125;0;966;
850000;873;17786;0;1588;
851000;908;18424;0;1498;
852000;907;18362;0;1135;
853000;895;18032;0;1572;
854000;902;18318;0;1297;
855000;894;18094;0;1414;
856000;904;18206;0;1372;
857000;907;18373;0;1244;
858000;903;18453;0;1319;
859000;892;18062;0;1070;
860000;898;18224;0;1338;
861000;901;18296;0;1339;
862000;904;18280;0;1165;
863000;897;18091;0;1357;
864000;904;18461;0;1231;
865000;904;18652;0;1212;
866000;890;18122;0;1376;
867000;878;18682;0;2113;
868000;891;18406;0;1282;
869000;903;18546;0;1179;
870000;897;18099;0;1259;
871000;895;18040;0;1393;
872000;899;18084;0;1102;
873000;895;18359;0;1344;
874000;901;18539;0;1441;
875000;907;18253;0;1095;
876000;928;18400;0;793;
877000;894;18707;0;1333;
878000;904;18535;0;1105;
879000;925;18597;0;1005;
880000;891;18255;0;1574;
881000;901;18092;0;901;
882000;897;18382;0;1417;
883000;898;18456;0;1308;
884000;888;18077;0;1055;
885000;901;18218;0;1328;
886000;900;18079;0;1024;
887000;885;17934;0;1804;
888000;898;18130;0;1061;
889000;893;18041;0;1192;
890000;902;18170;0;1371;
891000;913;18348;0;1144;
892000;900;18298;0;1409;
893000;898;18434;0;1462;
894000;893;18205;0;1564;
895000;897;18178;0;1537;
896000;891;18408;0;1503;
897000;913;18563;0;1000;
898000;911;18310;0;1123;
899000;908;18270;0;884;
900000;897;17954;0;1365;
901000;907;18264;0;1235;
902000;902;18199;0;1040;
903000;899;18226;0;1414;
904000;885;18152;0;1499;
905000;890;18326;0;1212;
906000;894;18288;0;1430;
907000;911;18423;0;1020;
908000;895;18253;0;1281;
909000;908;18289;0;1378;
910000;894;18325;0;1589;
911000;882;17961;0;1567;
912000;881;18180;0;1671;
913000;886;17897;0;1999;
914000;900;18414;0;1195;
915000;883;17848;0;1464;
916000;894;18219;0;1708;
917000;893;18132;0;1361;
918000;893;18028;0;1445;
919000;899;18243;0;1301;
920000;892;18259;0;1364;
921000;885;17906;0;1444;
922000;897;18278;0;1550;
923000;887;18232;0;1401;
924000;913;18189;0;1238;
925000;889;18266;0;1292;
926000;897;18492;0;1298;
927000;915;17983;0;1270;
928000;904;17908;0;1411;
929000;896;18205;0;1162;
930000;896;18136;0;1307;
931000;868;17653;0;1708;
932000;903;18406;0;1155;
933000;891;18317;0;1253;
934000;890;18176;0;1705;
935000;898;18049;0;1363;
936000;901;18042;0;1382;
937000;894;18196;0;1388;
938000;894;18645;0;1411;
939000;896;18595;0;1658;
940000;903;18340;0;1065;
941000;893;17918;0;1519;
942000;898;18174;0;1509;
943000;905;18355;0;1398;
944000;916;18728;0;1285;
945000;886;18157;0;1556;
946000;905;18482;0;1458;
947000;899;18269;0;1594;
948000;893;18049;0;1493;
949000;905;18249;0;1157;
950000;877;17851;0;1538;
951000;891;18375;0;1303;
952000;885;18145;0;1807;
953000;904;18200;0;1267;
954000;896;18088;0;1570;
955000;912;18244;0;1174;
956000;888;18160;0;1678;
957000;906;18139;0;1581;
958000;893;18255;0;1392;
959000;914;18236;0;1104;
960000;877;18336;0;1882;
961000;882;18162;0;1457;
962000;904;18069;0;1283;
963000;893;18185;0;1493;
964000;900;18352;0;1044;
965000;889;18536;0;987;
966000;900;18150;0;1374;
967000;908;18375;0;1013;
968000;901;18383;0;1022;
969000;902;18402;0;1128;
970000;902;18213;0;1124;
971000;897;18393;0;1127;
972000;891;18402;0;1335;
973000;900;18213;0;1238;
974000;895;18450;0;1441;
975000;893;18525;0;1266;
976000;874;17944;0;1756;
977000;892;18177;0;1501;
978000;894;18450;0;1647;
979000;896;18378;0;1464;
980000;894;18038;0;1419;
981000;884;18386;0;1571;
982000;890;17819;0;1161;
983000;893;18050;0;1542;
984000;900;18710;0;1269;
985000;894;18057;0;1394;
986000;900;18273;0;1342;
987000;904;17900;0;994;
988000;893;17813;0;1272;
989000;882;17953;0;2036;
990000;904;18326;0;1551;
991000;908;18158;0;1258;
992000;901;18200;0;1447;
993000;895;18479;0;982;
994000;895;18296;0;1075;
995000;908;18409;0;1312;
996000;879;18157;0;1399;
997000;901;18336;0;1295;
998000;905;18193;0;1040;
999000;896;18463;0;1237;
1000000;913;18657;0;1056;
1001000;897;18267;0;1347;
1002000;899;17762;0;1728;
1003000;902;18347;0;1535;
1004000;908;18167;0;1212;
1005000;911;18108;0;1227;
1006000;901;18374;0;1649;
1007000;881;18220;0;1641;
1008000;896;18324;0;1291;
1009000;885;18111;0;1738;
1010000;890;18184;0;1363;
1011000;913;17717;0;1018;
1012000;900;18256;0;1342;
1013000;909;18736;0;1311;
1014000;889;17882;0;1736;
1015000;880;17887;0;1447;
1016000;890;18313;0;1299;
1017000;883;18287;0;1327;
1018000;906;18079;0;1238;
1019000;895;18337;0;1255;
1020000;894;18325;0;1405;
1021000;903;18096;0;1408;
1022000;898;18354;0;1303;
1023000;896;18117;0;1329;
1024000;902;18412;0;1505;
1025000;900;18559;0;1154;
1026000;920;18471;0;899;
1027000;896;18599;0;1286;
1028000;895;18050;0;1358;
1029000;893;18322;0;1365;
1030000;899;18196;0;1437;
1031000;902;18286;0;1462;
1032000;893;18032;0;1397;
1033000;892;17991;0;1544;
1034000;906;18504;0;1137;
1035000;921;18597;0;1010;
1036000;883;17954;0;1601;
1037000;896;18202;0;1665;
1038000;895;18233;0;1330;
1039000;886;18212;0;1492;
1040000;892;18426;0;1349;
1041000;900;18200;0;1130;
1042000;892;18214;0;1317;
1043000;912;18272;0;965;
1044000;878;18042;0;1330;
1045000;885;18124;0;1923;
1046000;887;18255;0;1396;
1047000;894;17873;0;1062;
1048000;886;18025;0;1268;
1049000;905;18628;0;1017;
1050000;892;18076;0;1328;
1051000;891;18376;0;1710;
1052000;905;18467;0;1503;
1053000;887;18192;0;1431;
1054000;906;18441;0;1206;
1055000;914;18736;0;1099;
1056000;909;18143;0;1242;
1057000;911;18336;0;1459;
1058000;885;18017;0;1778;
1059000;907;18124;0;1348;
1060000;890;18041;0;1704;
1061000;901;18194;0;1223;
1062000;891;18155;0;1498;
1063000;892;18100;0;1357;
1064000;906;18110;0;1234;
1065000;899;18226;0;1440;
1066000;899;17961;0;1227;
1067000;898;18341;0;1159;
1068000;880;18067;0;1728;
1069000;911;18288;0;1238;
1070000;888;18375;0;1582;
1071000;896;18517;0;1237;
1072000;897;17894;0;1237;
1073000;892;18297;0;1644;
1074000;902;18331;0;1518;
1075000;900;18363;0;962;
1076000;912;18197;0;1141;
1077000;882;18150;0;1344;
1078000;906;18434;0;1169;
1079000;904;18126;0;1524;
1080000;888;18106;0;1387;
1081000;911;18165;0;1086;
1082000;903;18527;0;1232;
1083000;889;17965;0;1714;
1084000;903;18321;0;1329;
1085000;876;18275;0;1489;
1086000;904;18163;0;1271;
1087000;896;18705;0;1253;
1088000;898;18375;0;1370;
1089000;897;18354;0;1397;
1090000;909;18244;0;1484;
1091000;904;18357;0;1760;
1092000;904;18237;0;1049;
1093000;887;18154;0;1519;
1094000;885;18382;0;1488;
1095000;903;18562;0;1250;
1096000;887;18177;0;1474;
1097000;900;18384;0;1590;
1098000;882;18335;0;1661;
1099000;900;18562;0;1372;
1100000;906;18557;0;1159;
1101000;909;18320;0;1200;
1102000;905;18398;0;1201;
1103000;900;18255;0;1373;
1104000;893;18452;0;1206;
1105000;916;18608;0;1183;
1106000;906;18272;0;1535;
1107000;890;18475;0;1496;
1108000;891;18103;0;1428;
1109000;902;18019;0;1044;
1110000;891;18007;0;1605;
1111000;910;17946;0;1200;
1112000;912;18812;0;1043;
1113000;906;17972;0;1382;
1114000;888;18406;0;1219;
1115000;901;18038;0;1626;
1116000;904;18217;0;1450;
1117000;881;18096;0;1739;
1118000;886;18330;0;1609;
